,x,y
0,-28.38477631085024,-56.76955262170048
1,1107.0062761231593,1021.8519471906086
2,1050.2367235014588,1050.2367235014588
3,965.0823945689081,709.6194077712559
4,823.1585130146569,1021.8519471906086
5,624.4650788387052,-85.15432893255071
6,596.080302527855,-56.76955262170048
7,596.080302527855,-28.384776310850235
8,1078.6214998123091,-85.15432893255071
9,993.4671708797583,-56.76955262170048
10,993.4671708797583,113.53910524340095
11,-28.38477631085024,624.4650788387053
12,0.0,1050.2367235014588
13,-28.38477631085024,993.4671708797583
14,454.1564209736038,482.54119728445403
15,-28.38477631085024,397.38686835190333
16,482.54119728445403,482.54119728445403
17,510.9259735953043,482.54119728445403
18,482.54119728445403,454.1564209736038
19,482.54119728445403,425.7716446627536
20,1107.0062761231593,539.3107499061545
21,1107.0062761231593,454.1564209736038
22,709.6194077712559,738.0041840821062
23,738.0041840821061,596.080302527855
24,794.7737367038067,1050.2367235014588
25,823.1585130146569,1050.2367235014588
26,766.3889603929564,1050.2367235014588
27,1107.0062761231593,567.6955262170047
28,1107.0062761231593,596.080302527855
29,596.080302527855,28.384776310850242
30,624.4650788387052,28.384776310850242
31,596.080302527855,0.0
32,539.3107499061545,-56.76955262170048
33,539.3107499061546,-28.384776310850235
34,1078.6214998123091,312.23253941935263
35,1050.2367235014588,312.23253941935263
36,1107.0062761231593,340.61731573020285
37,1050.2367235014588,255.46298679765215
38,1050.2367235014588,198.69343417595167
39,1107.0062761231593,227.0782104868019
40,851.5432893255071,255.46298679765215
41,823.1585130146569,227.0782104868019
42,823.1585130146569,198.69343417595167
43,794.7737367038067,85.15432893255071
44,1050.2367235014588,-85.15432893255071
45,1050.2367235014588,-56.76955262170048
46,851.5432893255071,-85.15432893255071
47,1107.0062761231593,-28.38477631085024
48,993.4671708797583,0.0
49,965.0823945689081,141.92388155425118
50,993.4671708797583,141.92388155425118
51,56.76955262170048,85.15432893255071
52,0.0,255.46298679765218
53,-28.38477631085024,283.84776310850236
54,-28.38477631085024,312.23253941935263
55,-28.38477631085024,965.0823945689082
56,0.0,993.4671708797583
57,-28.38477631085024,425.7716446627536
58,28.384776310850235,482.54119728445403
59,0.0,482.54119728445403
60,85.15432893255071,312.23253941935263
61,56.76955262170048,312.23253941935263
62,227.0782104868019,1050.2367235014588
63,198.69343417595167,965.0823945689082
64,340.61731573020285,879.9280656363574
65,681.2346314604057,993.4671708797583
66,738.0041840821061,879.9280656363574
67,397.38686835190333,993.4671708797583
68,596.080302527855,56.76955262170048
69,1050.2367235014588,539.3107499061545
70,1050.2367235014588,510.92597359530424
71,1050.2367235014588,596.080302527855
72,1021.8519471906086,596.080302527855
73,1050.2367235014588,567.6955262170047
74,1078.6214998123091,539.3107499061545
75,908.3128419472076,425.7716446627536
76,1107.0062761231593,425.7716446627536
77,879.9280656363572,936.697618258058
78,766.3889603929564,425.7716446627536
79,709.6194077712559,283.84776310850236
80,879.9280656363574,425.7716446627536
81,766.3889603929564,255.46298679765215
82,766.3889603929564,283.84776310850236
83,652.8498551495554,113.53910524340095
84,766.3889603929564,85.15432893255071
85,709.619407771256,198.69343417595167
86,738.0041840821062,766.3889603929564
87,766.3889603929564,823.158513014657
88,652.8498551495554,766.3889603929564
89,709.619407771256,709.619407771256
90,681.2346314604057,652.8498551495554
91,1050.2367235014588,1021.8519471906086
92,851.5432893255071,539.3107499061545
93,879.9280656363574,766.3889603929564
94,993.4671708797583,681.2346314604057
95,993.4671708797583,709.6194077712561
96,709.6194077712559,624.4650788387053
97,709.619407771256,652.8498551495554
98,823.158513014657,596.080302527855
99,823.1585130146569,567.6955262170047
100,851.5432893255071,652.8498551495554
101,596.080302527855,510.92597359530424
102,709.619407771256,1021.8519471906086
103,709.619407771256,993.4671708797583
104,766.3889603929564,993.4671708797583
105,794.7737367038067,993.4671708797583
106,823.1585130146569,993.4671708797583
107,1050.2367235014588,624.4650788387053
108,1021.8519471906086,1050.2367235014588
109,312.23253941935263,482.54119728445403
110,0.0,141.92388155425118
111,-28.38477631085024,56.76955262170048
112,-28.38477631085024,85.15432893255071
113,-28.38477631085024,28.38477631085024
114,-28.38477631085024,-28.38477631085024
115,0.0,-28.38477631085024
116,28.384776310850235,-28.384776310850235
117,28.38477631085024,28.38477631085024
118,28.38477631085024,56.76955262170048
119,0.0,28.38477631085024
120,28.38477631085024,-85.15432893255071
121,56.76955262170048,-85.15432893255071
122,567.6955262170047,-28.38477631085024
123,454.1564209736038,28.38477631085024
124,482.54119728445403,-85.15432893255071
125,510.9259735953043,-85.15432893255071
126,1078.6214998123091,141.92388155425118
127,1050.2367235014588,141.92388155425118
128,1050.2367235014588,170.30865786510142
129,1050.2367235014588,283.84776310850236
130,1078.6214998123091,255.46298679765215
131,1050.2367235014588,227.0782104868019
132,1021.8519471906087,198.69343417595167
133,1107.0062761231593,198.69343417595167
134,794.7737367038067,141.92388155425118
135,823.158513014657,255.46298679765215
136,766.3889603929564,227.0782104868019
137,766.3889603929564,56.76955262170048
138,823.1585130146569,56.76955262170048
139,823.158513014657,141.92388155425118
140,823.1585130146569,113.53910524340095
141,738.0041840821062,-85.15432893255071
142,766.3889603929564,-85.15432893255071
143,624.4650788387052,-28.38477631085024
144,879.9280656363572,-28.38477631085024
145,851.5432893255071,-28.38477631085024
146,652.8498551495554,28.384776310850235
147,851.5432893255071,198.69343417595167
148,965.0823945689081,198.69343417595167
149,908.3128419472076,255.46298679765218
150,936.6976182580579,255.46298679765215
151,993.4671708797584,198.6934341759517
152,993.4671708797583,227.0782104868019
153,1078.6214998123091,-28.38477631085024
154,1050.2367235014588,-28.384776310850235
155,1107.0062761231593,0.0
156,1078.6214998123091,28.384776310850242
157,993.4671708797583,-28.384776310850235
158,1021.8519471906087,141.92388155425118
159,0.0,539.3107499061545
160,85.15432893255071,823.1585130146569
161,85.15432893255071,794.7737367038067
162,85.15432893255071,596.080302527855
163,85.15432893255071,624.4650788387053
164,255.46298679765212,709.6194077712561
165,141.92388155425118,652.8498551495554
166,85.15432893255071,652.8498551495554
167,113.53910524340095,652.8498551495554
168,-28.38477631085024,738.0041840821062
169,312.23253941935263,823.1585130146569
170,652.8498551495554,738.0041840821062
171,652.8498551495554,681.2346314604057
172,510.92597359530436,539.3107499061545
173,539.3107499061545,539.3107499061545
174,425.77164466275366,482.54119728445403
175,454.1564209736038,596.080302527855
176,369.00209204105306,567.6955262170047
177,369.00209204105306,539.3107499061545
178,198.6934341759517,198.6934341759517
179,170.30865786510142,198.69343417595167
180,28.384776310850235,198.69343417595167
181,113.53910524340095,596.080302527855
182,113.53910524340095,255.46298679765215
183,312.23253941935263,993.4671708797583
184,312.23253941935263,965.0823945689082
185,369.00209204105306,993.4671708797583
186,198.69343417595167,766.3889603929564
187,227.0782104868019,766.3889603929564
188,170.30865786510142,823.1585130146569
189,198.69343417595167,823.158513014657
190,681.2346314604057,1050.2367235014588
191,709.619407771256,1050.2367235014588
192,369.0020920410531,1021.8519471906087
193,425.7716446627536,993.4671708797583
194,425.77164466275354,1021.8519471906086
195,425.77164466275354,879.9280656363572
196,170.30865786510142,-28.38477631085024
197,283.84776310850236,-85.15432893255071
198,255.46298679765215,-85.15432893255071
199,141.92388155425118,113.53910524340095
200,141.9238815542512,141.9238815542512
201,425.7716446627536,170.30865786510142
202,425.77164466275366,198.69343417595167
203,397.38686835190333,198.69343417595167
204,198.69343417595167,227.0782104868019
205,255.46298679765218,227.0782104868019
206,255.46298679765215,198.69343417595167
207,482.54119728445403,369.0020920410531
208,482.54119728445403,397.38686835190333
209,397.38686835190333,312.23253941935263
210,510.9259735953043,369.0020920410531
211,596.080302527855,85.15432893255071
212,652.8498551495554,56.76955262170048
213,681.2346314604057,198.69343417595167
214,652.8498551495554,198.69343417595167
215,510.92597359530436,255.46298679765218
216,510.92597359530436,198.69343417595167
217,1021.8519471906087,539.3107499061545
218,936.697618258058,425.7716446627536
219,936.6976182580579,397.38686835190333
220,965.0823945689081,425.77164466275354
221,993.4671708797583,454.1564209736038
222,1078.6214998123091,425.7716446627536
223,993.4671708797583,397.38686835190333
224,1078.6214998123091,482.54119728445403
225,1050.2367235014588,482.54119728445403
226,1050.2367235014588,454.1564209736038
227,993.4671708797583,425.77164466275366
228,1021.8519471906087,425.77164466275354
229,738.0041840821061,425.7716446627536
230,738.0041840821062,312.23253941935263
231,709.619407771256,312.23253941935263
232,879.9280656363574,397.38686835190333
233,851.5432893255071,425.7716446627536
234,652.8498551495554,141.92388155425118
235,709.6194077712559,227.0782104868019
236,539.3107499061546,454.1564209736038
237,510.92597359530436,425.77164466275354
238,596.080302527855,482.54119728445403
239,539.3107499061545,510.92597359530424
240,738.0041840821061,709.619407771256
241,766.3889603929564,709.6194077712561
242,766.3889603929564,794.7737367038067
243,766.3889603929564,766.3889603929564
244,766.3889603929564,879.9280656363574
245,738.0041840821062,823.1585130146569
246,709.619407771256,766.3889603929564
247,681.2346314604057,766.3889603929564
248,709.6194077712559,567.6955262170047
249,681.2346314604057,709.619407771256
250,652.8498551495553,652.8498551495553
251,652.8498551495554,624.4650788387053
252,879.9280656363574,851.5432893255072
253,936.6976182580579,823.1585130146569
254,936.6976182580579,851.5432893255072
255,908.3128419472076,936.6976182580579
256,908.3128419472076,1050.2367235014588
257,879.9280656363574,1050.2367235014588
258,709.6194077712559,510.92597359530424
259,738.0041840821062,539.3107499061545
260,709.619407771256,539.3107499061545
261,766.3889603929564,510.92597359530424
262,766.3889603929564,482.54119728445403
263,794.7737367038067,482.54119728445403
264,936.697618258058,709.619407771256
265,936.6976182580579,681.2346314604057
266,993.4671708797583,652.8498551495554
267,652.8498551495553,596.080302527855
268,851.5432893255071,596.080302527855
269,823.158513014657,539.3107499061545
270,879.9280656363575,681.2346314604057
271,596.080302527855,539.3107499061545
272,766.3889603929564,1021.8519471906086
273,766.3889603929564,965.0823945689082
274,879.9280656363572,652.8498551495554
275,908.3128419472076,652.8498551495554
276,879.9280656363575,624.4650788387053
277,879.9280656363572,596.080302527855
278,283.84776310850236,369.0020920410531
279,397.38686835190333,482.54119728445403
280,113.53910524340095,141.92388155425118
281,28.38477631085024,-56.76955262170048
282,510.9259735953043,-28.38477631085024
283,454.1564209736038,-28.38477631085024
284,1107.0062761231593,113.53910524340095
285,1107.0062761231593,85.15432893255071
286,1021.8519471906086,85.15432893255071
287,965.0823945689081,312.23253941935263
288,879.9280656363574,283.84776310850236
289,908.3128419472076,312.23253941935263
290,879.9280656363574,312.23253941935263
291,794.7737367038067,312.23253941935263
292,766.3889603929564,312.23253941935263
293,851.5432893255071,312.23253941935263
294,1021.8519471906086,312.23253941935263
295,993.4671708797583,312.23253941935263
296,1050.2367235014588,340.61731573020285
297,1021.8519471906086,255.46298679765215
298,1078.6214998123091,198.69343417595167
299,823.1585130146569,170.30865786510142
300,794.7737367038067,255.46298679765218
301,993.4671708797583,85.15432893255071
302,823.1585130146569,28.384776310850242
303,851.5432893255071,28.384776310850242
304,823.158513014657,85.15432893255071
305,652.8498551495553,-28.38477631085024
306,652.8498551495554,0.0
307,879.9280656363575,-56.76955262170048
308,936.6976182580579,-56.76955262170048
309,936.6976182580579,-28.38477631085024
310,879.9280656363574,0.0
311,709.6194077712561,28.38477631085024
312,766.3889603929564,0.0
313,879.9280656363572,255.46298679765212
314,965.0823945689081,255.46298679765218
315,936.6976182580579,227.0782104868019
316,936.697618258058,198.69343417595167
317,908.3128419472076,198.69343417595167
318,1050.2367235014588,28.38477631085024
319,1050.2367235014588,0.0
320,1021.8519471906087,-28.38477631085024
321,993.4671708797583,56.76955262170048
322,1021.8519471906087,28.38477631085024
323,993.4671708797583,28.384776310850242
324,-28.38477631085024,170.30865786510142
325,-28.38477631085024,198.69343417595167
326,28.384776310850235,539.3107499061545
327,28.38477631085024,567.6955262170047
328,-28.38477631085024,596.080302527855
329,28.38477631085024,993.4671708797584
330,425.7716446627536,766.3889603929564
331,454.1564209736038,766.3889603929564
332,397.38686835190333,709.6194077712559
333,425.7716446627536,709.619407771256
334,283.84776310850236,482.54119728445403
335,198.69343417595167,510.92597359530424
336,255.46298679765218,624.4650788387053
337,255.46298679765215,596.080302527855
338,283.84776310850236,709.6194077712559
339,312.23253941935263,652.8498551495554
340,85.15432893255071,766.3889603929564
341,113.53910524340095,766.3889603929564
342,170.30865786510142,709.6194077712559
343,198.69343417595167,709.6194077712561
344,141.9238815542512,596.080302527855
345,141.92388155425118,624.4650788387053
346,227.0782104868019,539.3107499061545
347,255.46298679765215,539.3107499061545
348,-28.38477631085024,652.8498551495554
349,141.92388155425118,681.2346314604057
350,170.30865786510142,652.8498551495554
351,28.38477631085024,738.0041840821062
352,0.0,709.619407771256
353,56.76955262170048,766.3889603929564
354,28.384776310850235,766.3889603929564
355,369.0020920410531,851.5432893255071
356,397.38686835190333,879.9280656363575
357,369.002092041053,879.9280656363572
358,425.77164466275354,851.5432893255071
359,425.7716446627536,823.158513014657
360,482.54119728445403,567.6955262170047
361,482.54119728445403,539.3107499061545
362,539.3107499061546,567.6955262170047
363,482.54119728445403,510.92597359530424
364,596.080302527855,596.080302527855
365,624.4650788387052,539.3107499061545
366,539.3107499061545,596.080302527855
367,482.54119728445403,596.080302527855
368,425.77164466275354,567.6955262170047
369,397.38686835190333,596.080302527855
370,369.00209204105306,596.080302527855
371,397.38686835190333,652.8498551495554
372,0.0,369.00209204105306
373,141.92388155425118,255.46298679765215
374,28.38477631085024,255.46298679765212
375,56.76955262170048,255.46298679765218
376,85.15432893255071,454.1564209736038
377,85.15432893255071,510.92597359530424
378,28.38477631085024,283.84776310850236
379,85.15432893255071,340.61731573020285
380,28.38477631085024,340.61731573020285
381,227.0782104868019,936.6976182580579
382,255.46298679765218,1021.8519471906087
383,255.46298679765212,993.4671708797583
384,312.23253941935263,1021.8519471906086
385,340.61731573020285,936.6976182580579
386,312.23253941935263,908.3128419472076
387,567.6955262170047,1050.2367235014588
388,482.54119728445403,1050.2367235014588
389,454.1564209736038,1050.2367235014588
390,482.54119728445403,1021.8519471906087
391,482.54119728445403,993.4671708797583
392,113.53910524340095,823.1585130146569
393,85.15432893255071,851.5432893255072
394,0.0,936.6976182580579
395,198.69343417595167,851.5432893255071
396,709.619407771256,936.697618258058
397,681.2346314604057,936.6976182580579
398,482.54119728445403,965.0823945689082
399,425.77164466275354,965.0823945689082
400,510.92597359530436,879.9280656363575
401,482.54119728445403,879.9280656363574
402,425.77164466275354,908.3128419472076
403,369.00209204105306,141.92388155425118
404,397.38686835190333,141.92388155425118
405,369.0020920410531,56.76955262170048
406,369.00209204105306,28.384776310850235
407,312.23253941935263,85.15432893255071
408,312.23253941935263,56.76955262170048
409,227.0782104868019,-28.38477631085024
410,255.46298679765215,28.384776310850242
411,170.30865786510142,-85.15432893255071
412,198.69343417595167,-85.15432893255071
413,312.23253941935263,-85.15432893255071
414,255.46298679765212,-28.38477631085024
415,198.69343417595167,170.30865786510142
416,198.69343417595167,141.92388155425118
417,255.46298679765218,170.30865786510142
418,482.54119728445403,170.30865786510142
419,397.38686835190333,255.46298679765218
420,283.84776310850236,198.69343417595167
421,255.46298679765215,141.92388155425118
422,425.77164466275354,312.23253941935263
423,425.77164466275354,340.61731573020285
424,482.54119728445403,340.61731573020285
425,482.54119728445403,312.23253941935263
426,539.3107499061546,369.0020920410531
427,539.3107499061546,340.61731573020285
428,567.6955262170047,369.0020920410531
429,539.3107499061545,312.23253941935263
430,567.6955262170047,312.23253941935263
431,652.8498551495554,85.15432893255071
432,681.2346314604057,85.15432893255071
433,596.080302527855,113.53910524340095
434,624.4650788387052,198.69343417595167
435,652.8498551495554,255.46298679765215
436,681.2346314604057,255.46298679765218
437,539.3107499061546,255.46298679765215
438,482.54119728445403,283.84776310850236
439,482.54119728445403,141.92388155425118
440,482.54119728445403,227.0782104868019
441,482.54119728445403,198.69343417595167
442,993.4671708797583,510.92597359530424
443,993.4671708797583,539.3107499061545
444,993.4671708797583,340.61731573020285
445,965.0823945689081,369.0020920410531
446,936.697618258058,482.54119728445403
447,908.3128419472076,482.54119728445403
448,936.6976182580579,454.1564209736038
449,965.0823945689081,482.54119728445403
450,1050.2367235014588,425.7716446627536
451,993.4671708797583,369.0020920410531
452,766.3889603929564,454.1564209736038
453,709.6194077712561,255.46298679765212
454,738.0041840821061,255.46298679765215
455,766.3889603929564,369.0020920410531
456,766.3889603929564,340.61731573020285
457,709.6194077712561,369.0020920410531
458,823.1585130146569,397.38686835190333
459,766.3889603929564,397.38686835190333
460,681.2346314604057,369.00209204105306
461,851.5432893255071,369.0020920410531
462,794.7737367038067,425.77164466275354
463,652.8498551495554,170.30865786510142
464,766.3889603929564,198.69343417595167
465,738.0041840821062,198.69343417595167
466,766.3889603929564,170.30865786510142
467,766.3889603929564,141.92388155425118
468,596.080302527855,454.1564209736038
469,539.3107499061546,482.54119728445403
470,652.8498551495554,425.7716446627536
471,652.8498551495554,454.1564209736038
472,624.4650788387052,425.7716446627536
473,596.080302527855,369.0020920410531
474,596.080302527855,312.23253941935263
475,596.080302527855,340.61731573020285
476,823.1585130146569,709.6194077712561
477,823.1585130146569,681.2346314604057
478,823.158513014657,652.8498551495554
479,851.5432893255071,766.3889603929564
480,794.7737367038067,823.1585130146569
481,709.6194077712559,794.7737367038067
482,652.8498551495554,709.619407771256
483,624.4650788387052,482.54119728445403
484,652.8498551495554,539.3107499061545
485,652.8498551495554,510.92597359530424
486,652.8498551495554,482.54119728445403
487,908.3128419472076,823.1585130146569
488,879.9280656363572,823.1585130146569
489,936.6976182580579,879.9280656363574
490,908.3128419472076,879.9280656363575
491,851.5432893255071,879.9280656363574
492,993.4671708797583,1050.2367235014588
493,936.6976182580579,1021.8519471906087
494,936.697618258058,993.4671708797583
495,879.9280656363574,993.4671708797583
496,879.9280656363574,965.0823945689082
497,879.9280656363575,1021.8519471906087
498,908.3128419472076,993.4671708797583
499,993.4671708797583,993.4671708797583
500,1021.8519471906086,993.4671708797583
501,965.0823945689081,993.4671708797583
502,936.6976182580579,965.0823945689082
503,993.4671708797583,965.0823945689082
504,993.4671708797583,936.697618258058
505,1078.6214998123091,879.9280656363574
506,1107.0062761231593,794.7737367038067
507,1050.2367235014588,879.9280656363574
508,1021.8519471906087,709.6194077712559
509,709.619407771256,482.54119728445403
510,738.0041840821062,482.54119728445403
511,766.3889603929564,539.3107499061545
512,879.9280656363574,539.3107499061545
513,879.9280656363574,738.0041840821062
514,936.6976182580579,624.4650788387053
515,936.697618258058,596.080302527855
516,1021.8519471906086,652.8498551495554
517,993.4671708797583,624.4650788387053
518,965.0823945689081,652.8498551495554
519,766.3889603929564,596.080302527855
520,766.3889603929564,567.6955262170047
521,709.619407771256,596.080302527855
522,681.2346314604057,596.080302527855
523,823.1585130146569,624.4650788387053
524,766.3889603929564,652.8498551495554
525,709.6194077712559,965.0823945689082
526,738.0041840821062,993.4671708797583
527,794.7737367038067,936.6976182580579
528,823.1585130146569,936.6976182580579
529,823.1585130146569,965.0823945689082
530,766.3889603929564,936.697618258058
531,766.3889603929564,908.3128419472076
532,1050.2367235014588,652.8498551495554
533,1078.6214998123091,652.8498551495554
534,908.3128419472076,596.080302527855
535,283.84776310850236,425.77164466275354
536,255.46298679765212,425.77164466275366
537,340.61731573020285,255.46298679765218
538,312.23253941935263,255.46298679765212
539,312.23253941935263,454.1564209736038
540,369.002092041053,482.54119728445403
541,369.0020920410531,454.1564209736038
542,56.76955262170048,141.92388155425118
543,28.38477631085024,113.53910524340095
544,28.38477631085024,141.92388155425118
545,28.38477631085024,85.15432893255071
546,141.92388155425118,-56.76955262170048
547,141.92388155425118,-85.15432893255071
548,85.15432893255071,-56.76955262170048
549,539.3107499061546,0.0
550,482.54119728445403,-28.38477631085024
551,482.54119728445403,-56.76955262170048
552,482.54119728445403,28.384776310850242
553,482.54119728445403,0.0
554,482.54119728445403,56.76955262170048
555,510.9259735953043,28.384776310850242
556,539.3107499061545,85.15432893255071
557,539.3107499061546,113.53910524340095
558,425.77164466275354,-56.76955262170048
559,425.77164466275366,-28.38477631085024
560,936.6976182580579,283.84776310850236
561,936.697618258058,312.23253941935263
562,794.7737367038067,369.0020920410531
563,879.9280656363574,340.61731573020285
564,965.0823945689081,85.15432893255071
565,936.697618258058,28.38477631085024
566,965.0823945689081,28.384776310850242
567,936.6976182580579,0.0
568,936.6976182580579,170.30865786510142
569,823.1585130146569,0.0
570,965.0823945689081,-28.38477631085024
571,823.1585130146569,-28.38477631085024
572,823.1585130146569,-56.76955262170048
573,908.3128419472076,-28.38477631085024
574,681.2346314604057,28.38477631085024
575,766.3889603929564,28.384776310850242
576,794.7737367038067,28.38477631085024
577,738.0041840821062,28.384776310850242
578,766.3889603929564,-56.76955262170048
579,766.3889603929564,-28.38477631085024
580,738.0041840821061,-28.38477631085024
581,879.9280656363575,227.0782104868019
582,993.4671708797583,255.46298679765215
583,993.4671708797583,170.30865786510142
584,1050.2367235014588,56.76955262170048
585,28.38477631085024,170.30865786510142
586,0.0,85.15432893255071
587,141.92388155425118,56.76955262170048
588,85.15432893255071,-28.384776310850235
589,113.53910524340095,-28.38477631085024
590,141.9238815542512,85.15432893255071
591,85.15432893255071,28.384776310850235
592,56.76955262170048,28.384776310850242
593,28.38477631085024,0.0
594,85.15432893255071,1021.8519471906087
595,-28.38477631085024,510.92597359530424
596,-28.38477631085024,539.3107499061545
597,28.38477631085024,624.4650788387053
598,56.76955262170048,993.4671708797583
599,28.38477631085024,1050.2367235014588
600,28.38477631085024,1021.8519471906086
601,255.46298679765218,738.0041840821062
602,255.46298679765212,766.3889603929564
603,198.69343417595167,738.0041840821062
604,170.30865786510142,766.3889603929564
605,227.0782104868019,709.619407771256
606,312.23253941935263,681.2346314604057
607,312.23253941935263,709.6194077712561
608,283.84776310850236,652.8498551495554
609,425.77164466275354,681.2346314604057
610,369.002092041053,766.3889603929564
611,340.61731573020285,766.3889603929564
612,369.00209204105306,709.619407771256
613,369.00209204105306,738.0041840821062
614,255.46298679765212,482.54119728445403
615,283.84776310850236,596.080302527855
616,312.23253941935263,596.080302527855
617,340.61731573020285,652.8498551495554
618,56.76955262170048,823.1585130146569
619,85.15432893255071,738.0041840821062
620,0.0,652.8498551495554
621,28.38477631085024,596.080302527855
622,0.0,596.080302527855
623,56.76955262170048,596.080302527855
624,85.15432893255071,681.2346314604057
625,28.38477631085024,794.7737367038067
626,0.0,766.3889603929564
627,340.61731573020285,823.1585130146569
628,369.002092041053,823.1585130146569
629,227.0782104868019,823.1585130146569
630,255.46298679765212,879.9280656363572
631,624.4650788387052,652.8498551495554
632,454.1564209736038,539.3107499061545
633,567.6955262170047,596.080302527855
634,567.6955262170047,539.3107499061545
635,425.77164466275354,510.92597359530424
636,624.4650788387052,596.080302527855
637,681.2346314604057,539.3107499061545
638,482.54119728445403,624.4650788387053
639,482.54119728445403,652.8498551495554
640,510.92597359530436,596.080302527855
641,482.54119728445403,794.7737367038067
642,539.3107499061545,624.4650788387053
643,425.7716446627536,652.8498551495554
644,28.38477631085024,369.00209204105306
645,397.38686835190333,539.3107499061545
646,141.92388155425118,198.69343417595167
647,85.15432893255071,170.30865786510142
648,85.15432893255071,141.92388155425118
649,28.38477631085024,227.0782104868019
650,85.15432893255071,283.84776310850236
651,85.15432893255071,255.46298679765215
652,0.0,198.69343417595167
653,85.15432893255071,227.0782104868019
654,85.15432893255071,198.69343417595167
655,56.76955262170048,198.69343417595167
656,113.53910524340095,482.54119728445403
657,85.15432893255071,482.54119728445403
658,85.15432893255071,425.77164466275366
659,56.76955262170048,425.7716446627536
660,85.15432893255071,397.38686835190333
661,141.92388155425118,567.6955262170047
662,170.30865786510142,596.080302527855
663,85.15432893255071,539.3107499061545
664,85.15432893255071,567.6955262170047
665,141.92388155425118,482.54119728445403
666,227.0782104868019,482.54119728445403
667,0.0,312.23253941935263
668,28.38477631085024,312.23253941935263
669,56.76955262170048,369.0020920410531
670,141.92388155425118,851.5432893255071
671,198.69343417595167,993.4671708797583
672,227.0782104868019,993.4671708797583
673,255.46298679765212,936.697618258058
674,255.46298679765215,965.0823945689082
675,255.46298679765215,908.3128419472076
676,340.61731573020285,1050.2367235014588
677,369.0020920410531,908.3128419472076
678,369.00209204105306,936.697618258058
679,454.1564209736038,993.4671708797583
680,596.080302527855,965.0823945689082
681,596.080302527855,993.4671708797583
682,539.3107499061546,908.3128419472076
683,141.9238815542512,823.1585130146569
684,141.92388155425118,794.7737367038067
685,652.8498551495554,993.4671708797583
686,652.8498551495554,1021.8519471906086
687,652.8498551495554,965.0823945689082
688,624.4650788387052,993.4671708797583
689,539.3107499061545,993.4671708797583
690,794.7737367038067,879.9280656363574
691,738.0041840821061,936.6976182580579
692,709.619407771256,908.3128419472076
693,340.61731573020285,198.69343417595167
694,369.002092041053,198.69343417595167
695,369.00209204105306,170.30865786510142
696,283.84776310850236,85.15432893255071
697,312.23253941935263,113.53910524340095
698,340.61731573020285,85.15432893255071
699,369.00209204105306,85.15432893255071
700,255.46298679765215,-56.76955262170048
701,198.69343417595167,-28.38477631085024
702,312.23253941935263,-56.76955262170048
703,255.46298679765215,0.0
704,198.69343417595167,56.76955262170048
705,198.69343417595167,28.384776310850242
706,227.0782104868019,85.15432893255071
707,170.30865786510142,141.92388155425118
708,227.0782104868019,198.69343417595167
709,227.0782104868019,141.92388155425118
710,369.00209204105306,255.46298679765215
711,425.7716446627536,283.84776310850236
712,425.7716446627536,255.46298679765215
713,312.23253941935263,227.0782104868019
714,312.23253941935263,170.30865786510142
715,312.23253941935263,198.69343417595167
716,283.84776310850236,141.92388155425118
717,454.1564209736038,312.23253941935263
718,454.1564209736038,369.0020920410531
719,510.9259735953043,312.23253941935263
720,539.3107499061545,283.84776310850236
721,624.4650788387052,85.15432893255071
722,596.080302527855,198.69343417595167
723,596.080302527855,170.30865786510142
724,652.8498551495554,227.0782104868019
725,652.8498551495554,283.84776310850236
726,624.4650788387052,255.46298679765218
727,539.3107499061546,227.0782104868019
728,482.54119728445403,255.46298679765215
729,965.0823945689081,596.080302527855
730,993.4671708797583,596.080302527855
731,1021.8519471906086,482.54119728445403
732,993.4671708797583,482.54119728445403
733,851.5432893255071,936.6976182580579
734,851.5432893255071,993.4671708797583
735,709.619407771256,425.7716446627536
736,709.6194077712559,454.1564209736038
737,738.0041840821061,369.0020920410531
738,823.158513014657,425.7716446627536
739,879.9280656363572,369.0020920410531
740,936.697618258058,369.0020920410531
741,908.3128419472076,369.00209204105306
742,879.9280656363574,482.54119728445403
743,709.6194077712561,141.9238815542512
744,681.2346314604057,141.92388155425118
745,709.619407771256,170.30865786510142
746,794.7737367038067,198.69343417595167
747,567.6955262170047,482.54119728445403
748,596.080302527855,425.77164466275366
749,539.3107499061545,425.77164466275366
750,567.6955262170047,425.7716446627536
751,539.3107499061545,397.38686835190333
752,596.080302527855,397.38686835190333
753,624.4650788387052,369.0020920410531
754,851.5432893255071,709.6194077712559
755,879.9280656363574,709.619407771256
756,794.7737367038067,709.619407771256
757,823.1585130146569,738.0041840821062
758,794.7737367038067,652.8498551495554
759,766.3889603929564,738.0041840821062
760,823.1585130146569,766.3889603929564
761,794.7737367038067,766.3889603929564
762,823.158513014657,823.158513014657
763,851.5432893255071,823.1585130146569
764,1021.8519471906086,766.3889603929564
765,879.9280656363574,879.9280656363574
766,879.9280656363574,908.3128419472076
767,993.4671708797583,1021.8519471906086
768,936.6976182580579,908.3128419472076
769,936.697618258058,936.697618258058
770,965.0823945689081,936.6976182580579
771,1107.0062761231593,993.4671708797583
772,1021.8519471906087,879.9280656363575
773,1078.6214998123091,766.3889603929564
774,1107.0062761231593,766.3889603929564
775,823.1585130146569,510.92597359530424
776,794.7737367038067,539.3107499061545
777,794.7737367038067,596.080302527855
778,879.9280656363574,567.6955262170047
779,908.3128419472076,539.3107499061545
780,908.3128419472076,709.6194077712559
781,936.697618258058,652.8498551495554
782,766.3889603929564,624.4650788387053
783,738.0041840821061,652.8498551495554
784,709.6194077712559,681.2346314604057
785,1078.6214998123091,596.080302527855
786,1050.2367235014588,681.2346314604057
787,1050.2367235014588,738.0041840821062
788,1050.2367235014588,766.3889603929564
789,85.15432893255071,369.00209204105306
790,312.23253941935263,312.23253941935263
791,312.23253941935263,283.84776310850236
792,255.46298679765215,255.46298679765215
793,283.84776310850236,255.46298679765215
794,369.00209204105306,510.92597359530424
795,340.61731573020285,482.54119728445403
796,454.1564209736038,425.77164466275354
797,85.15432893255071,113.53910524340095
798,567.6955262170047,85.15432893255071
799,510.92597359530436,85.15432893255071
800,482.54119728445403,85.15432893255071
801,539.3107499061545,28.38477631085024
802,369.00209204105306,-56.76955262170048
803,369.00209204105306,-85.15432893255071
804,397.38686835190333,-85.15432893255071
805,397.38686835190333,28.384776310850242
806,397.38686835190333,85.15432893255071
807,369.0020920410531,113.53910524340095
808,823.1585130146569,283.84776310850236
809,823.1585130146569,369.0020920410531
810,823.1585130146569,340.61731573020285
811,993.4671708797583,283.84776310850236
812,1050.2367235014588,397.38686835190333
813,1050.2367235014588,369.0020920410531
814,1078.6214998123091,369.0020920410531
815,908.3128419472076,28.38477631085024
816,936.6976182580579,56.76955262170048
817,879.9280656363575,56.76955262170048
818,879.9280656363572,28.38477631085024
819,851.5432893255071,85.15432893255071
820,879.9280656363572,85.15432893255071
821,879.9280656363574,113.53910524340095
822,936.697618258058,141.9238815542512
823,908.3128419472076,141.92388155425118
824,879.9280656363575,170.30865786510142
825,879.9280656363572,141.9238815542512
826,879.9280656363574,198.69343417595167
827,709.619407771256,-85.15432893255071
828,681.2346314604057,-28.38477631085024
829,709.619407771256,-28.384776310850235
830,965.0823945689081,-85.15432893255071
831,709.619407771256,56.76955262170048
832,709.6194077712559,0.0
833,794.7737367038067,-28.38477631085024
834,1050.2367235014588,85.15432893255071
835,1078.6214998123091,85.15432893255071
836,1050.2367235014588,113.53910524340095
837,141.9238815542512,28.38477631085024
838,170.30865786510142,28.384776310850242
839,113.53910524340095,28.38477631085024
840,141.92388155425118,-28.384776310850235
841,56.76955262170048,-28.38477631085024
842,85.15432893255071,0.0
843,113.53910524340095,85.15432893255071
844,85.15432893255071,85.15432893255071
845,85.15432893255071,56.76955262170048
846,28.38477631085024,510.92597359530424
847,28.384776310850235,936.697618258058
848,28.38477631085024,965.0823945689082
849,255.46298679765215,681.2346314604057
850,340.61731573020285,709.619407771256
851,312.23253941935263,794.7737367038067
852,312.23253941935263,766.3889603929564
853,283.84776310850236,766.3889603929564
854,312.23253941935263,738.0041840821062
855,340.61731573020285,539.3107499061545
856,312.23253941935263,539.3107499061545
857,255.46298679765218,567.6955262170047
858,312.23253941935263,510.92597359530424
859,255.46298679765215,454.1564209736038
860,255.46298679765218,510.92597359530424
861,369.0020920410531,624.4650788387053
862,85.15432893255071,709.619407771256
863,141.9238815542512,709.6194077712561
864,198.69343417595167,652.8498551495554
865,198.69343417595167,624.4650788387053
866,198.69343417595167,681.2346314604057
867,227.0782104868019,652.8498551495554
868,56.76955262170048,652.8498551495554
869,283.84776310850236,823.1585130146569
870,255.46298679765215,794.7737367038067
871,255.46298679765215,823.158513014657
872,198.69343417595167,794.7737367038067
873,369.0020920410531,794.7737367038067
874,397.38686835190333,823.1585130146569
875,454.1564209736038,823.1585130146569
876,425.77164466275354,794.7737367038067
877,482.54119728445403,851.5432893255072
878,482.54119728445403,823.158513014657
879,510.9259735953043,823.1585130146569
880,539.3107499061545,823.1585130146569
881,652.8498551495553,879.9280656363572
882,624.4650788387052,879.9280656363574
883,652.8498551495554,936.697618258058
884,681.2346314604057,879.9280656363575
885,709.6194077712561,879.9280656363572
886,709.619407771256,823.1585130146569
887,709.619407771256,851.5432893255072
888,425.7716446627536,539.3107499061545
889,596.080302527855,567.6955262170047
890,425.77164466275354,624.4650788387053
891,539.3107499061546,652.8498551495554
892,510.9259735953043,652.8498551495554
893,482.54119728445403,709.6194077712561
894,510.9259735953043,709.619407771256
895,482.54119728445403,766.3889603929564
896,539.3107499061546,794.7737367038067
897,113.53910524340095,198.69343417595167
898,141.92388155425118,227.0782104868019
899,141.92388155425118,170.30865786510142
900,113.53910524340095,425.77164466275354
901,28.38477631085024,425.77164466275366
902,28.38477631085024,397.38686835190333
903,28.38477631085024,454.1564209736038
904,113.53910524340095,539.3107499061545
905,198.69343417595167,539.3107499061545
906,170.30865786510142,255.46298679765215
907,170.30865786510142,879.9280656363575
908,141.92388155425118,879.9280656363574
909,198.69343417595167,1050.2367235014588
910,141.92388155425118,1050.2367235014588
911,113.53910524340095,1050.2367235014588
912,85.15432893255071,1050.2367235014588
913,113.53910524340095,993.4671708797583
914,141.92388155425118,1021.8519471906086
915,141.92388155425118,993.4671708797583
916,141.92388155425118,965.0823945689082
917,312.23253941935263,936.6976182580579
918,340.61731573020285,993.4671708797583
919,397.38686835190333,936.6976182580579
920,596.080302527855,1050.2367235014588
921,596.080302527855,1021.8519471906086
922,567.6955262170047,936.6976182580579
923,596.080302527855,851.5432893255072
924,539.3107499061545,879.9280656363572
925,539.3107499061545,851.5432893255072
926,567.6955262170047,993.4671708797583
927,539.3107499061546,1021.8519471906086
928,823.158513014657,879.9280656363574
929,539.3107499061545,936.697618258058
930,510.92597359530436,993.4671708797583
931,510.9259735953043,936.6976182580579
932,312.23253941935263,28.384776310850235
933,283.84776310850236,28.384776310850242
934,198.69343417595167,-56.76955262170048
935,312.23253941935263,-28.38477631085024
936,340.61731573020285,-28.38477631085024
937,283.84776310850236,-28.38477631085024
938,227.0782104868019,28.38477631085024
939,255.46298679765215,56.76955262170048
940,255.46298679765212,85.15432893255071
941,198.69343417595167,85.15432893255071
942,198.69343417595167,113.53910524340095
943,425.77164466275354,56.76955262170048
944,425.7716446627536,28.384776310850242
945,425.77164466275366,141.9238815542512
946,482.54119728445403,113.53910524340095
947,369.0020920410531,227.0782104868019
948,425.77164466275354,227.0782104868019
949,312.23253941935263,141.9238815542512
950,312.23253941935263,369.0020920410531
951,596.080302527855,141.9238815542512
952,624.4650788387052,141.92388155425118
953,567.6955262170047,141.92388155425118
954,596.080302527855,283.84776310850236
955,624.4650788387052,312.23253941935263
956,539.3107499061546,198.69343417595167
957,454.1564209736038,198.69343417595167
958,454.1564209736038,255.46298679765218
959,936.697618258058,539.3107499061545
960,993.4671708797583,567.6955262170047
961,709.6194077712559,340.61731573020285
962,681.2346314604057,312.23253941935263
963,652.8498551495554,397.38686835190333
964,652.8498551495554,369.0020920410531
965,936.6976182580579,340.61731573020285
966,823.158513014657,482.54119728445403
967,738.0041840821061,141.92388155425118
968,709.619407771256,113.53910524340095
969,766.3889603929564,113.53910524340095
970,681.2346314604057,823.1585130146569
971,652.8498551495554,794.7737367038067
972,823.1585130146569,794.7737367038067
973,823.1585130146569,851.5432893255072
974,908.3128419472076,766.3889603929564
975,936.6976182580579,794.7737367038067
976,993.4671708797583,766.3889603929564
977,993.4671708797583,738.0041840821062
978,936.6976182580579,738.0041840821062
979,936.697618258058,766.3889603929564
980,993.4671708797583,879.9280656363572
981,993.4671708797583,908.3128419472076
982,1050.2367235014588,993.4671708797583
983,1078.6214998123091,993.4671708797583
984,1078.6214998123091,936.6976182580579
985,1050.2367235014588,794.7737367038067
986,766.3889603929564,681.2346314604057
987,1050.2367235014588,709.6194077712561
988,340.61731573020285,312.23253941935263
989,369.00209204105306,312.23253941935263
990,425.7716446627536,425.7716446627536
991,397.38686835190333,425.7716446627536
992,567.6955262170047,28.38477631085024
993,539.3107499061545,56.76955262170048
994,369.00209204105306,-28.384776310850235
995,823.1585130146569,312.23253941935263
996,1021.8519471906087,369.0020920410531
997,936.697618258058,85.15432893255071
998,851.5432893255071,141.92388155425118
999,652.8498551495554,-56.76955262170048
1000,709.619407771256,-56.76955262170048
1001,709.6194077712561,85.15432893255071
1002,56.76955262170048,879.9280656363574
1003,28.38477631085024,908.3128419472076
1004,198.69343417595167,908.3128419472076
1005,255.46298679765215,652.8498551495554
1006,397.38686835190333,766.3889603929564
1007,369.0020920410531,681.2346314604057
1008,369.00209204105306,652.8498551495554
1009,340.61731573020285,596.080302527855
1010,312.23253941935263,567.6955262170047
1011,312.23253941935263,624.4650788387053
1012,-28.38477631085024,851.5432893255071
1013,28.38477631085024,851.5432893255072
1014,113.53910524340095,709.619407771256
1015,227.0782104868019,596.080302527855
1016,198.69343417595167,596.080302527855
1017,198.69343417595167,567.6955262170047
1018,28.384776310850235,652.8498551495554
1019,28.38477631085024,709.619407771256
1020,28.38477631085024,681.2346314604057
1021,56.76955262170048,709.619407771256
1022,255.46298679765215,851.5432893255072
1023,312.23253941935263,879.9280656363572
1024,596.080302527855,936.697618258058
1025,596.080302527855,908.3128419472076
1026,624.4650788387052,936.6976182580579
1027,596.080302527855,624.4650788387053
1028,425.7716446627536,596.080302527855
1029,454.1564209736038,709.6194077712559
1030,425.77164466275354,738.0041840821062
1031,510.92597359530436,766.3889603929564
1032,56.76955262170048,482.54119728445403
1033,0.0,425.7716446627536
1034,170.30865786510142,482.54119728445403
1035,198.69343417595167,482.54119728445403
1036,141.92388155425118,369.0020920410531
1037,255.46298679765215,369.0020920410531
1038,227.0782104868019,425.7716446627536
1039,141.92388155425118,283.84776310850236
1040,227.0782104868019,879.9280656363574
1041,198.6934341759517,879.9280656363572
1042,170.30865786510142,993.4671708797583
1043,283.84776310850236,936.6976182580579
1044,369.0020920410531,965.0823945689082
1045,596.080302527855,879.9280656363574
1046,567.6955262170047,879.9280656363574
1047,823.1585130146569,908.3128419472076
1048,539.3107499061545,965.0823945689082
1049,454.1564209736038,879.9280656363575
1050,482.54119728445403,936.697618258058
1051,482.54119728445403,908.3128419472076
1052,340.61731573020285,28.38477631085024
1053,312.23253941935263,0.0
1054,170.30865786510142,85.15432893255071
1055,425.7716446627536,85.15432893255071
1056,340.61731573020285,369.0020920410531
1057,312.23253941935263,425.7716446627536
1058,312.23253941935263,397.38686835190333
1059,340.61731573020285,425.7716446627536
1060,369.0020920410531,340.61731573020285
1061,369.00209204105306,425.7716446627536
1062,652.8498551495554,312.23253941935263
1063,596.080302527855,255.46298679765215
1064,539.3107499061545,141.9238815542512
1065,510.9259735953043,141.92388155425118
1066,539.3107499061545,170.30865786510142
1067,936.6976182580579,510.92597359530424
1068,709.619407771256,397.38686835190333
1069,823.1585130146569,454.1564209736038
1070,879.9280656363574,510.92597359530424
1071,652.8498551495554,851.5432893255071
1072,681.2346314604057,425.7716446627536
1073,879.9280656363575,794.7737367038067
1074,766.3889603929564,851.5432893255072
1075,965.0823945689081,766.3889603929564
1076,965.0823945689081,879.9280656363574
1077,1021.8519471906087,936.6976182580579
1078,1050.2367235014588,936.697618258058
1079,1107.0062761231593,879.9280656363574
1080,1107.0062761231593,908.3128419472076
1081,1107.0062761231593,936.6976182580579
1082,1050.2367235014588,851.5432893255072
1083,1107.0062761231593,681.2346314604057
1084,1107.0062761231593,652.8498551495554
1085,1078.6214998123091,709.619407771256
1086,113.53910524340095,369.00209204105306
1087,283.84776310850236,312.23253941935263
1088,425.77164466275354,454.1564209736038
1089,397.38686835190333,-28.38477631085024
1090,141.92388155425118,0.0
1091,85.15432893255071,993.4671708797583
1092,283.84776310850236,539.3107499061545
1093,-28.38477631085024,879.9280656363574
1094,28.384776310850235,879.9280656363574
1095,28.384776310850235,823.158513014657
1096,0.0,823.1585130146569
1097,141.92388155425118,766.3889603929564
1098,141.92388155425118,738.0041840821062
1099,312.23253941935263,851.5432893255072
1100,283.84776310850236,879.9280656363575
1101,596.080302527855,823.1585130146569
1102,567.6955262170047,823.1585130146569
1103,652.8498551495554,908.3128419472076
1104,596.080302527855,652.8498551495554
1105,596.080302527855,681.2346314604057
1106,454.1564209736038,652.8498551495554
1107,482.54119728445403,738.0041840821062
1108,539.3107499061546,766.3889603929564
1109,567.6955262170047,766.3889603929564
1110,596.080302527855,794.7737367038067
1111,56.76955262170048,539.3107499061545
1112,170.30865786510142,539.3107499061545
1113,141.9238815542512,539.3107499061545
1114,141.92388155425118,510.92597359530424
1115,198.69343417595167,454.1564209736038
1116,255.46298679765215,397.38686835190333
1117,198.69343417595167,425.77164466275366
1118,198.69343417595167,397.38686835190333
1119,141.92388155425118,425.7716446627536
1120,141.92388155425118,454.1564209736038
1121,141.92388155425118,397.38686835190333
1122,198.69343417595167,255.46298679765215
1123,198.69343417595167,283.84776310850236
1124,227.0782104868019,255.46298679765218
1125,141.92388155425118,340.61731573020285
1126,85.15432893255071,936.697618258058
1127,56.76955262170048,936.6976182580579
1128,283.84776310850236,993.4671708797583
1129,425.77164466275366,936.697618258058
1130,454.1564209736038,936.6976182580579
1131,340.61731573020285,141.92388155425118
1132,425.77164466275354,397.38686835190333
1133,425.77164466275366,369.0020920410531
1134,397.38686835190333,369.0020920410531
1135,652.8498551495554,340.61731573020285
1136,596.080302527855,227.0782104868019
1137,567.6955262170047,198.69343417595167
1138,965.0823945689081,539.3107499061545
1139,936.6976182580579,567.6955262170047
1140,879.9280656363575,454.1564209736038
1141,851.5432893255071,482.54119728445403
1142,652.8498551495554,823.1585130146569
1143,652.8498551495554,567.6955262170047
1144,681.2346314604057,482.54119728445403
1145,993.4671708797583,794.7737367038067
1146,993.4671708797583,823.1585130146569
1147,965.0823945689081,823.1585130146569
1148,1050.2367235014588,965.0823945689082
1149,1050.2367235014588,908.3128419472076
1150,1078.6214998123091,823.1585130146569
1151,1021.8519471906087,823.1585130146569
1152,993.4671708797583,851.5432893255071
1153,312.23253941935263,340.61731573020285
1154,369.0020920410531,283.84776310850236
1155,369.0020920410531,0.0
1156,936.6976182580579,113.53910524340095
1157,908.3128419472076,85.15432893255071
1158,738.0041840821061,85.15432893255071
1159,198.69343417595167,0.0
1160,85.15432893255071,965.0823945689082
1161,0.0,879.9280656363575
1162,567.6955262170047,652.8498551495554
1163,596.080302527855,766.3889603929564
1164,482.54119728445403,681.2346314604057
1165,170.30865786510142,425.7716446627536
1166,255.46298679765215,283.84776310850236
1167,141.9238815542512,312.23253941935263
1168,113.53910524340095,312.23253941935263
1169,198.69343417595167,312.23253941935263
1170,170.30865786510142,312.23253941935263
1171,85.15432893255071,908.3128419472076
1172,85.15432893255071,879.9280656363572
1173,113.53910524340095,879.9280656363575
1174,198.69343417595167,1021.8519471906087
1175,255.46298679765215,113.53910524340095
1176,454.1564209736038,85.15432893255071
1177,425.77164466275354,113.53910524340095
1178,454.1564209736038,141.92388155425118
1179,369.00209204105306,369.0020920410531
1180,567.6955262170047,255.46298679765218
1181,624.4650788387052,823.1585130146569
1182,1050.2367235014588,823.1585130146569
1183,425.77164466275354,0.0
1184,113.53910524340095,936.6976182580579
1185,170.30865786510142,936.6976182580579
1186,198.69343417595167,936.6976182580579
1187,141.92388155425118,908.3128419472076
1188,539.3107499061546,709.619407771256
1189,624.4650788387052,766.3889603929564
1190,596.080302527855,709.619407771256
1191,170.30865786510142,369.0020920410531
1192,227.0782104868019,312.23253941935263
1193,369.0020920410531,397.38686835190333
1194,141.9238815542512,936.697618258058
1195,539.3107499061545,738.0041840821062
1196,624.4650788387052,709.619407771256
1197,198.69343417595167,369.0020920410531
1198,227.0782104868019,369.00209204105306
1199,198.69343417595167,340.61731573020285
1200,255.46298679765212,312.23253941935263
1201,539.3107499061546,681.2346314604057
1202,567.6955262170047,709.6194077712559
1203,255.46298679765218,340.61731573020285
1204,596.080302527855,738.0041840821062
1205,539.3107499061545,-85.15432893255071
1206,596.080302527855,-85.15432893255071
1207,823.1585130146569,-85.15432893255071
1208,-28.38477631085024,255.46298679765215
1209,993.4671708797583,-85.15432893255071
1210,1107.0062761231593,28.384776310850242
1211,-28.38477631085024,369.00209204105306
1212,-28.38477631085024,482.54119728445403
1213,312.23253941935263,1050.2367235014588
1214,255.46298679765215,1050.2367235014588
1215,1107.0062761231593,482.54119728445403
1216,425.7716446627536,-85.15432893255071
1217,1107.0062761231593,141.92388155425118
1218,1107.0062761231593,255.46298679765215
1219,1107.0062761231593,312.23253941935263
1220,879.9280656363574,-85.15432893255071
1221,936.6976182580579,-85.15432893255071
1222,-28.38477631085024,141.92388155425118
1223,539.3107499061546,1050.2367235014588
1224,369.00209204105306,1050.2367235014588
1225,425.77164466275354,1050.2367235014588
1226,1107.0062761231593,369.0020920410531
1227,-28.38477631085024,709.619407771256
1228,936.6976182580579,1050.2367235014588
1229,85.15432893255071,-85.15432893255071
1230,1107.0062761231593,823.1585130146569
1231,652.8498551495554,1050.2367235014588
1232,1107.0062761231593,709.619407771256
1233,652.8498551495554,-85.15432893255071
1234,-28.38477631085024,936.6976182580579
1235,-28.38477631085024,823.1585130146569
1236,-28.38477631085024,766.3889603929564
