frame	coordination	charge	mT	err
0	3	0.04233870967741935	0.5568571399999934	0.05515171686154384
0	4	0.021505376344086023	0.5568571400000025	0.12122811341684166
100	3	0.03024193548387097	0.7085523780000028	0.055012019834529406
100	4	0.021505376344086023	0.7085523780000005	0.11777567298921011
200	3	0.04233870967741935	0.8602476160000105	0.054259181726107955
200	4	-0.043010752688172046	0.8602476160000034	0.11840959961652514
300	3	0.06048387096774194	1.0119428540000166	0.052874346505706354
300	4	-0.0931899641577061	1.0119428540000028	0.1206794806640697
400	3	0.0625	1.1636380920000087	0.05310235007060783
400	4	-0.10752688172043011	1.163638092000002	0.11847982653665204
500	3	0.056451612903225805	1.3153333299999987	0.053109185480635694
500	4	-0.08602150537634409	1.315333329999992	0.11962566588750505
600	3	0.06451612903225806	1.4670285679999937	0.05309991691572596
600	4	-0.1003584229390681	1.4670285679999935	0.12129823241347748
700	3	0.05040322580645161	1.6187238059999898	0.052109950338138554
700	4	-0.07885304659498207	1.6187238059999944	0.11856092583769093
800	3	0.05443548387096774	1.7704190439999865	0.052339598929727435
800	4	-0.11469534050179211	1.7704190439999945	0.11823775821355591
900	3	0.05846774193548387	1.9221142819999846	0.05067624050870411
900	4	-0.0931899641577061	1.922114281999999	0.11852350228650343
1000	3	0.056451612903225805	2.0738095199999833	0.0506785472217922
1000	4	-0.07168458781362007	2.073809520000004	0.11482097757737894
1100	3	0.07056451612903226	2.2255047579999725	0.05017648619588833
1100	4	-0.12903225806451613	2.22550475799999	0.11328292821054739
1200	3	0.046370967741935484	2.3771999959999572	0.049552320801245296
1200	4	-0.10752688172043011	2.3771999959999883	0.11083335840461782
1300	3	0.016129032258064516	2.5288952340000006	0.04849277220591408
1300	4	-0.035842293906810034	2.528895233999988	0.10912574897691406
1400	3	0.006048387096774193	2.68059047199996	0.04807375343766027
1400	4	-0.007168458781362007	2.680590471999987	0.10819694439655855
1500	3	-0.006048387096774193	2.8322857100000225	0.047563213032662206
1500	4	0.02867383512544803	2.832285709999986	0.10552970199245905
1600	3	-0.028225806451612902	2.983980947999963	0.046165876172357644
1600	4	0.05017921146953405	2.983980947999986	0.10377579972785989
1700	3	-0.06048387096774194	3.1356761860000417	0.04674788576474556
1700	4	0.07885304659498207	3.1356761859999867	0.099654209458327
1800	3	-0.08870967741935484	3.287371423999966	0.0461767142127612
1800	4	0.12186379928315412	3.287371423999987	0.09845618814892723
1900	3	-0.11491935483870967	3.439066662000057	0.04385726298162354
1900	4	0.12903225806451613	3.4390666619999837	0.09549797546808163
2000	3	-0.13911290322580644	3.590761899999968	0.04397196004909102
2000	4	0.17921146953405018	3.590761899999985	0.0927366177839891
2100	3	-0.13306451612903225	3.7424571380000717	0.043712483203523875
2100	4	0.15053763440860216	3.7424571379999856	0.09067258967734287
2200	3	-0.1310483870967742	3.894152375999971	0.04343852255322861
2200	4	0.13620071684587814	3.894152375999986	0.09075409680843742
2300	3	-0.1592741935483871	4.045847614000085	0.043155077565474646
2300	4	0.14336917562724014	4.045847613999987	0.08985756623700236
2400	3	-0.18548387096774194	4.197542851999975	0.04398431787359991
2400	4	0.14336917562724014	4.197542851999988	0.08694058747757849
2500	3	-0.16532258064516128	4.349238090000069	0.044065373730546586
2500	4	0.14336917562724014	4.349238089999978	0.09042967157883203
2600	3	-0.19959677419354838	4.500933328000013	0.04298556383192564
2600	4	0.2007168458781362	4.500933327999979	0.08712536205325791
2700	3	-0.20362903225806453	4.652628566000103	0.04306107032206348
2700	4	0.16487455197132617	4.652628565999981	0.08885843976657432
2800	3	-0.23387096774193547	4.80432380399998	0.04365783800091866
2800	4	0.2078853046594982	4.804323803999983	0.08435726262164366
2900	3	-0.2399193548387097	4.956019042000038	0.04325001852807151
2900	4	0.2007168458781362	4.956019041999985	0.0834983171207799
3000	3	-0.2540322580645161	5.107714280000071	0.043168619409926924
3000	4	0.22939068100358423	5.107714279999986	0.08384956498194926
3100	3	-0.2600806451612903	5.2594095180001235	0.04294317636014073
3100	4	0.22939068100358423	5.2594095179999885	0.08627469336331926
3200	3	-0.2701612903225806	5.411104755999987	0.043352179313618636
3200	4	0.25806451612903225	5.411104755999988	0.08230543864399052
3300	3	-0.28830645161290325	5.562799994000015	0.04266567002568447
3300	4	0.26523297491039427	5.56279999399999	0.08739227399706187
3400	3	-0.3084677419354839	5.714495232000116	0.0417506448386912
3400	4	0.2939068100358423	5.714495231999992	0.08343187811300151
3500	3	-0.3165322580645161	5.86619047000014	0.04207827551977937
3500	4	0.27956989247311825	5.866190469999993	0.0848336018717698
3600	3	-0.31451612903225806	6.017885707999995	0.04150949969058717
3600	4	0.2867383512544803	6.017885707999995	0.08444267663047172
3700	3	-0.3467741935483871	6.169580945999997	0.04065324528233596
3700	4	0.32974910394265233	6.169580945999997	0.0857007333325243
3800	3	-0.35685483870967744	6.3212761840001574	0.04046469009382119
3800	4	0.3154121863799283	6.321276183999999	0.08708716499569569
3900	3	-0.3629032258064516	6.47297142200001	0.04101005691765087
3900	4	0.30824372759856633	6.472971422	0.08568779118651923
4000	3	-0.375	6.624666660000002	0.040399612302555614
4000	4	0.3655913978494624	6.624666660000002	0.08240643934298503
4100	3	-0.3790322580645161	6.776361897999847	0.04036162297227592
4100	4	0.40860215053763443	6.776361898000004	0.08354921791385009
4200	3	-0.375	6.928057135999823	0.04060054415967416
4200	4	0.37992831541218636	6.928057136000006	0.08464600837482612
4300	3	-0.36693548387096775	7.079752374000037	0.0403736127705922
4300	4	0.3727598566308244	7.079752374000008	0.08384295128398198
4400	3	-0.3790322580645161	7.23144761200001	0.03985438281160597
4400	4	0.3655913978494624	7.23144761200001	0.08487281315275051
4500	3	-0.3850806451612903	7.383142849999849	0.040705626262869325
4500	4	0.3870967741935484	7.38314285000001	0.08422349265329593
4600	3	-0.3971774193548387	7.534838087999809	0.03998215522017351
4600	4	0.37992831541218636	7.534838088000013	0.08525309393570002
4700	3	-0.4032258064516129	7.686533326000061	0.04012434589299302
4700	4	0.43727598566308246	7.686533326000003	0.08607520907707428
4800	3	-0.42943548387096775	7.838228564000018	0.040857296912680884
4800	4	0.4946236559139785	7.8382285640000156	0.08555610157158498
4900	3	-0.4435483870967742	7.9899238019998515	0.04020196144988206
4900	4	0.5017921146953405	7.989923801999999	0.08510335756930071
5000	3	-0.4314516129032258	8.1416190399998	0.03962214302069163
5000	4	0.4731182795698925	8.14161904000002	0.083250007625152
5100	3	-0.4334677419354839	8.293314278000082	0.04011038982061302
5100	4	0.4946236559139785	8.293314277999995	0.08372823084642893
5200	3	-0.41330645161290325	8.445009516000008	0.0398168519121219
5200	4	0.48028673835125446	8.445009516000024	0.08402793805823765
5300	3	-0.4254032258064516	8.596704753999855	0.03948250704232822
5300	4	0.4946236559139785	8.596704753999987	0.08793417813000813
5400	3	-0.42338709677419356	8.74839999199984	0.03970983110431326
5400	4	0.4659498207885305	8.74839999200002	0.08732244734421954
5500	3	-0.4213709677419355	8.900095230000035	0.039216074706792226
5500	4	0.4659498207885305	8.900095229999986	0.08849574223554664
5600	3	-0.4375	9.051790468000032	0.039245349567148737
5600	4	0.48028673835125446	9.051790468000025	0.08644806268269782
5700	3	-0.4153225806451613	9.20348570599995	0.03999964265904049
5700	4	0.45878136200716846	9.203485705999983	0.08597206834314684
5800	3	-0.4213709677419355	9.355180943999782	0.0398337426185797
5800	4	0.5017921146953405	9.355180944000029	0.08808120076758172
5900	3	-0.4254032258064516	9.506876182000116	0.03917212139456103
5900	4	0.4874551971326165	9.50687618199998	0.08837032896137219
6000	3	-0.4254032258064516	9.658571419999909	0.03854385241456389
6000	4	0.45161290322580644	9.658571420000033	0.0839861314692925
6100	3	-0.42338709677419356	9.810266657999865	0.03867160621190752
6100	4	0.5017921146953405	9.810266657999978	0.08749374055805867
6200	3	-0.46975806451612906	9.961961895999934	0.03897182366522127
6200	4	0.5878136200716846	9.961961896000037	0.08966605329088896
