frame	type	coordination	number	fraction	err	time	mT
0	Q = +1	3	174.5	0.37526881720430105	0.008305828119180266	0.0	0.0
0	Q = +3	3	58.3	0.12537634408602152	0.004419516169691281	0.0	0.0
0	Q = -1	3	174.0	0.3741935483870967	0.006815692802296611	0.0	0.0
0	Q = -3	3	58.2	0.12516129032258067	0.0056517285575417965	0.0	0.0
1000	Q = +1	3	174.7	0.3756989247311828	0.008542505283946402	10.0	0.125
1000	Q = +3	3	58.0	0.12473118279569892	0.004216613955513329	10.0	0.125
1000	Q = -1	3	174.5	0.37526881720430105	0.00630865101324496	10.0	0.125
1000	Q = -3	3	57.8	0.1243010752688172	0.006072492784099603	10.0	0.125
2000	Q = +1	3	175.4	0.3772043010752688	0.007957957898998084	20.0	0.25
2000	Q = +3	3	57.7	0.12408602150537636	0.004419516169691283	20.0	0.25
2000	Q = -1	3	174.0	0.3741935483870967	0.005850094842466851	20.0	0.25
2000	Q = -3	3	57.9	0.12451612903225805	0.006086439440036516	20.0	0.25
3000	Q = +1	3	176.1	0.3787096774193549	0.00816354963273218	30.0	0.375
3000	Q = +3	3	57.6	0.12387096774193547	0.004455991474672415	30.0	0.375
3000	Q = -1	3	173.1	0.372258064516129	0.006285802376756382	30.0	0.375
3000	Q = -3	3	58.2	0.12516129032258067	0.006123055628405053	30.0	0.375
4000	Q = +1	3	175.7	0.37784946236559147	0.007950528553450761	40.0	0.5
4000	Q = +3	3	57.8	0.12430107526881723	0.00464347949554169	40.0	0.5
4000	Q = -1	3	173.2	0.37247311827956986	0.006072492784099607	40.0	0.5
4000	Q = -3	3	58.3	0.1253763440860215	0.006166958054194443	40.0	0.5
5000	Q = +1	3	175.5	0.3774193548387096	0.007520051517825179	50.0	0.625
5000	Q = +3	3	57.8	0.1243010752688172	0.004428228017628815	50.0	0.625
5000	Q = -1	3	173.4	0.3729032258064516	0.005745509651473511	50.0	0.625
5000	Q = -3	3	58.3	0.1253763440860215	0.00592905648222286	50.0	0.625
6000	Q = +1	3	175.8	0.3780645161290323	0.007916523407758284	60.0	0.75
6000	Q = +3	3	57.3	0.12322580645161292	0.004372759856630823	60.0	0.75
6000	Q = -1	3	174.1	0.3744086021505376	0.005932522246939231	60.0	0.75
6000	Q = -3	3	57.8	0.1243010752688172	0.006173204341680569	60.0	0.75
7000	Q = +1	3	175.3	0.3769892473118279	0.007813620071684587	70.0	0.875
7000	Q = +3	3	57.7	0.12408602150537636	0.004093560296851392	70.0	0.875
7000	Q = -1	3	173.9	0.373978494623656	0.005368692284832336	70.0	0.875
7000	Q = -3	3	58.1	0.1249462365591398	0.0061368873765805	70.0	0.875
8000	Q = +1	3	175.2	0.3767741935483871	0.007805395033012869	80.0	1.0
8000	Q = +3	3	57.8	0.1243010752688172	0.003975748996089475	80.0	1.0
8000	Q = -1	3	173.8	0.37376344086021507	0.00522658813865468	80.0	1.0
8000	Q = -3	3	58.2	0.12516129032258064	0.006576255163400552	80.0	1.0
9000	Q = +1	3	175.1	0.3765591397849463	0.008257429784447712	90.0	1.125
9000	Q = +3	3	58.4	0.12559139784946236	0.0039550148312928225	90.0	1.125
9000	Q = -1	3	172.9	0.3718279569892473	0.005301267926733857	90.0	1.125
9000	Q = -3	3	58.6	0.1260215053763441	0.006381136368248854	90.0	1.125
10000	Q = +1	3	174.6	0.3754838709677419	0.00780802798806601	100.0	1.25
10000	Q = +3	3	58.6	0.1260215053763441	0.003942000597811474	100.0	1.25
10000	Q = -1	3	173.2	0.3724731182795699	0.005066837862959797	100.0	1.25
10000	Q = -3	3	58.6	0.1260215053763441	0.006445237790104379	100.0	1.25
11000	Q = +1	3	174.6	0.375483870967742	0.0078211794678055	110.0	1.375
11000	Q = +3	3	58.4	0.12559139784946238	0.003514738543980289	110.0	1.375
11000	Q = -1	3	173.2	0.37247311827956986	0.004520109754963289	110.0	1.375
11000	Q = -3	3	58.8	0.1264516129032258	0.006529202888450579	110.0	1.375
12000	Q = +1	3	174.8	0.3759139784946236	0.007323063965087962	120.0	1.5
12000	Q = +3	3	58.2	0.12516129032258067	0.002917131175537748	120.0	1.5
12000	Q = -1	3	173.5	0.3731182795698925	0.004456568040822811	120.0	1.5
12000	Q = -3	3	58.5	0.1258064516129032	0.006413667783781671	120.0	1.5
13000	Q = +1	3	174.5	0.37526881720430105	0.007668910880167308	130.0	1.625
13000	Q = +3	3	58.1	0.1249462365591398	0.003015016608575352	130.0	1.625
13000	Q = -1	3	173.9	0.3739784946236559	0.004435764445707527	130.0	1.625
13000	Q = -3	3	58.5	0.12580645161290324	0.0065641323029111895	130.0	1.625
14000	Q = +1	3	174.7	0.3756989247311828	0.007303741399421204	140.0	1.75
14000	Q = +3	3	57.9	0.12451612903225807	0.003082437275985663	140.0	1.75
14000	Q = -1	3	174.4	0.3750537634408602	0.003967986380816644	140.0	1.75
14000	Q = -3	3	58.0	0.12473118279569895	0.006777890554020251	140.0	1.75
15000	Q = +1	3	174.2	0.3746236559139785	0.007036783479173064	150.0	1.875
15000	Q = +3	3	58.1	0.1249462365591398	0.002997924539975123	150.0	1.875
15000	Q = -1	3	174.6	0.3754838709677419	0.004019453983907149	150.0	1.875
15000	Q = -3	3	58.1	0.1249462365591398	0.006350866109471802	150.0	1.875
16000	Q = +1	3	174.4	0.3750537634408603	0.00710509631160652	160.0	2.0
16000	Q = +3	3	58.3	0.12537634408602152	0.0031581922253635397	160.0	2.0
16000	Q = -1	3	174.5	0.3752688172043011	0.0045252226816019	160.0	2.0
16000	Q = -3	3	57.8	0.12430107526881723	0.006753586072151328	160.0	2.0
17000	Q = +1	3	174.8	0.3759139784946236	0.006985478259543989	170.0	2.125
17000	Q = +3	3	57.7	0.12408602150537633	0.002814019559339144	170.0	2.125
17000	Q = -1	3	175.2	0.3767741935483871	0.004369820976094097	170.0	2.125
17000	Q = -3	3	57.3	0.12322580645161292	0.006586015409745304	170.0	2.125
18000	Q = +1	3	174.3	0.3748387096774193	0.007016672596438605	180.0	2.25
18000	Q = +3	3	57.8	0.1243010752688172	0.002754031930078644	180.0	2.25
18000	Q = -1	3	175.3	0.3769892473118279	0.004055726210699826	180.0	2.25
18000	Q = -3	3	57.6	0.12387096774193547	0.006259177047438875	180.0	2.25
19000	Q = +1	3	174.0	0.3741935483870968	0.007449680892769364	190.0	2.375
19000	Q = +3	3	57.9	0.12451612903225805	0.003015016608575352	190.0	2.375
19000	Q = -1	3	175.6	0.3776344086021505	0.004926979291022099	190.0	2.375
19000	Q = -3	3	57.5	0.1236559139784946	0.006300500297937973	190.0	2.375
20000	Q = +1	3	174.8	0.3759139784946237	0.0071598514633311955	200.0	2.5
20000	Q = +3	3	57.3	0.12322580645161292	0.0031418791399012358	200.0	2.5
20000	Q = -1	3	175.5	0.3774193548387096	0.004456568040822811	200.0	2.5
20000	Q = -3	3	57.4	0.12344086021505375	0.006201441936597036	200.0	2.5
21000	Q = +1	3	175.5	0.3774193548387097	0.006726520537746529	210.0	2.625
21000	Q = +3	3	56.8	0.1221505376344086	0.003449809151402425	210.0	2.625
21000	Q = -1	3	175.1	0.3765591397849463	0.0045161290322580615	210.0	2.625
21000	Q = -3	3	57.6	0.12387096774193547	0.006267381503768999	210.0	2.625
22000	Q = +1	3	176.1	0.3787096774193549	0.006758529993692895	220.0	2.75
22000	Q = +3	3	56.7	0.12193548387096775	0.0032701060151848157	220.0	2.75
22000	Q = -1	3	174.4	0.3750537634408602	0.004219050600591303	220.0	2.75
22000	Q = -3	3	57.8	0.12430107526881723	0.005961468927968969	220.0	2.75
23000	Q = +1	3	176.4	0.3793548387096775	0.006524478998126307	230.0	2.875
23000	Q = +3	3	56.2	0.12086021505376345	0.003020975986481073	230.0	2.875
23000	Q = -1	3	175.2	0.3767741935483871	0.004428228017628822	230.0	2.875
23000	Q = -3	3	57.2	0.12301075268817205	0.005669883851838045	230.0	2.875
24000	Q = +1	3	175.3	0.376989247311828	0.006979958904793896	240.0	3.0
24000	Q = +3	3	56.4	0.12129032258064515	0.0031114744679871967	240.0	3.0
24000	Q = -1	3	176.0	0.378494623655914	0.004840700506418383	240.0	3.0
24000	Q = -3	3	57.3	0.12322580645161292	0.005355275324908889	240.0	3.0
25000	Q = +1	3	176.3	0.37913978494623657	0.006724992477631903	250.0	3.125
25000	Q = +3	3	55.9	0.12021505376344087	0.003164693914644317	250.0	3.125
25000	Q = -1	3	176.0	0.378494623655914	0.004499599950243789	250.0	3.125
25000	Q = -3	3	56.8	0.1221505376344086	0.005697008311485453	250.0	3.125
26000	Q = +1	3	176.2	0.3789247311827957	0.006296829033977854	260.0	3.25
26000	Q = +3	3	55.8	0.12	0.003250404028316741	260.0	3.25
26000	Q = -1	3	176.0	0.3784946236559139	0.0044421314365103	260.0	3.25
26000	Q = -3	3	57.0	0.1225806451612903	0.005797151718754327	260.0	3.25
27000	Q = +1	3	176.0	0.378494623655914	0.0068682664183532536	270.0	3.375
27000	Q = +3	3	56.0	0.12043010752688173	0.00326932021533803	270.0	3.375
27000	Q = -1	3	176.1	0.3787096774193548	0.00474907012904713	270.0	3.375
27000	Q = -3	3	56.9	0.12236559139784944	0.00557529157142674	270.0	3.375
28000	Q = +1	3	176.5	0.3795698924731184	0.006603158403606798	280.0	3.5
28000	Q = +3	3	55.4	0.1191397849462366	0.003027772341497186	280.0	3.5
28000	Q = -1	3	176.3	0.37913978494623657	0.004723029794990432	280.0	3.5
28000	Q = -3	3	56.8	0.1221505376344086	0.006106247867827054	280.0	3.5
29000	Q = +1	3	176.2	0.3789247311827957	0.007266710192099895	290.0	3.625
29000	Q = +3	3	55.3	0.11892473118279573	0.0033013846421991264	290.0	3.625
29000	Q = -1	3	176.6	0.3797849462365591	0.005375866167527649	290.0	3.625
29000	Q = -3	3	56.9	0.12236559139784944	0.005880321300305614	290.0	3.625
30000	Q = +1	3	176.2	0.3789247311827957	0.007537456302850133	300.0	3.75
30000	Q = +3	3	55.2	0.11870967741935486	0.0026004813114289685	300.0	3.75
30000	Q = -1	3	177.1	0.3808602150537635	0.005272107815970434	300.0	3.75
30000	Q = -3	3	56.5	0.12150537634408602	0.005799367331951505	300.0	3.75
31000	Q = +1	3	176.5	0.37956989247311823	0.007402973969057431	310.0	3.875
31000	Q = +3	3	55.2	0.11870967741935486	0.002479084797962806	310.0	3.875
31000	Q = -1	3	176.5	0.3795698924731183	0.005020480658033874	310.0	3.875
31000	Q = -3	3	56.8	0.1221505376344086	0.005813085285365818	310.0	3.875
32000	Q = +1	3	177.5	0.3817204301075269	0.006135212461872288	320.0	4.0
32000	Q = +3	3	54.6	0.11741935483870967	0.0029241688966840343	320.0	4.0
32000	Q = -1	3	176.3	0.3791397849462365	0.0044657829755333405	320.0	4.0
32000	Q = -3	3	56.6	0.1217204301075269	0.006193150126582128	320.0	4.0
33000	Q = +1	3	177.6	0.38193548387096776	0.005745509651473518	330.0	4.125
33000	Q = +3	3	54.4	0.11698924731182797	0.003144331498130655	330.0	4.125
33000	Q = -1	3	176.7	0.38	0.0042656847446055435	330.0	4.125
33000	Q = -3	3	56.3	0.12107526881720428	0.006249728607563323	330.0	4.125
34000	Q = +1	3	177.5	0.3817204301075269	0.006168624349294881	340.0	4.25
34000	Q = +3	3	54.7	0.11763440860215055	0.00254555998631752	340.0	4.25
34000	Q = -1	3	176.6	0.3797849462365591	0.0032250098578357	340.0	4.25
34000	Q = -3	3	56.2	0.12086021505376345	0.0060724927840996035	340.0	4.25
35000	Q = +1	3	177.6	0.38193548387096776	0.006316384450727082	350.0	4.375
35000	Q = +3	3	54.5	0.11720430107526884	0.002799372643694143	350.0	4.375
35000	Q = -1	3	176.8	0.3802150537634409	0.0030379383656511964	350.0	4.375
35000	Q = -3	3	56.1	0.12064516129032254	0.006367028156497965	350.0	4.375
36000	Q = +1	3	176.8	0.3802150537634408	0.006055544682994368	360.0	4.5
36000	Q = +3	3	54.6	0.11741935483870967	0.003288127581700276	360.0	4.5
36000	Q = -1	3	177.6	0.38193548387096776	0.0028888088429548176	360.0	4.5
36000	Q = -3	3	56.0	0.1204301075268817	0.006006124750008146	360.0	4.5
37000	Q = +1	3	177.6	0.38193548387096776	0.005798924277034173	370.0	4.625
37000	Q = +3	3	54.5	0.11720430107526884	0.003396518348525343	370.0	4.625
37000	Q = -1	3	177.2	0.3810752688172042	0.003020975986481073	370.0	4.625
37000	Q = -3	3	55.7	0.11978494623655915	0.005525296250191579	370.0	4.625
38000	Q = +1	3	177.6	0.38193548387096776	0.005545255800950172	380.0	4.75
38000	Q = +3	3	54.2	0.11655913978494625	0.0031703719551965572	380.0	4.75
38000	Q = -1	3	178.0	0.3827956989247312	0.0027577611557951737	380.0	4.75
38000	Q = -3	3	55.2	0.11870967741935486	0.005687981197097453	380.0	4.75
39000	Q = +1	3	177.9	0.3825806451612903	0.005330268514701444	390.0	4.875
39000	Q = +3	3	54.1	0.1163440860215054	0.003180889997467209	390.0	4.875
39000	Q = -1	3	177.8	0.3823655913978495	0.0033285123344068512	390.0	4.875
39000	Q = -3	3	55.2	0.11870967741935486	0.005578516547195333	390.0	4.875
40000	Q = +1	3	178.4	0.3836559139784946	0.005394949884509471	400.0	5.0
40000	Q = +3	3	54.2	0.11655913978494625	0.003218630010128121	400.0	5.0
40000	Q = -1	3	177.2	0.38107526881720427	0.00383093597588169	400.0	5.0
40000	Q = -3	3	55.2	0.11870967741935487	0.0058658846008541295	400.0	5.0
41000	Q = +1	3	178.4	0.3836559139784945	0.005289137418120919	410.0	5.125
41000	Q = +3	3	54.0	0.11612903225806452	0.003173611988699448	410.0	5.125
41000	Q = -1	3	177.3	0.3812903225806452	0.0044657829755333335	410.0	5.125
41000	Q = -3	3	55.3	0.11892473118279573	0.006023638468400204	410.0	5.125
42000	Q = +1	3	178.7	0.3843010752688172	0.00535527532490889	420.0	5.25
42000	Q = +3	3	53.8	0.1156989247311828	0.0033439150651442587	420.0	5.25
42000	Q = -1	3	176.9	0.3804301075268817	0.004365703219665982	420.0	5.25
42000	Q = -3	3	55.6	0.11956989247311828	0.0059303563813466464	420.0	5.25
43000	Q = +1	3	178.8	0.384516129032258	0.005804238703941835	430.0	5.375
43000	Q = +3	3	53.6	0.11526881720430107	0.0026280003985409838	430.0	5.375
43000	Q = -1	3	177.3	0.3812903225806451	0.004407873588428161	430.0	5.375
43000	Q = -3	3	55.3	0.1189247311827957	0.00578872465468743	430.0	5.375
44000	Q = +1	3	178.8	0.3845161290322581	0.005532267062817129	440.0	5.5
44000	Q = +3	3	53.0	0.1139784946236559	0.002643596977001545	440.0	5.5
44000	Q = -1	3	178.7	0.3843010752688173	0.005038870758649455	440.0	5.5
44000	Q = -3	3	54.5	0.11720430107526884	0.005710072278430862	440.0	5.5
45000	Q = +1	3	178.6	0.3840860215053763	0.004895590273538029	450.0	5.625
45000	Q = +3	3	53.2	0.11440860215053765	0.0025405082647554627	450.0	5.625
45000	Q = -1	3	178.8	0.384516129032258	0.003844326215854315	450.0	5.625
45000	Q = -3	3	54.4	0.11698924731182796	0.005327857828261516	450.0	5.625
46000	Q = +1	3	178.7	0.3843010752688171	0.0049254145910543005	460.0	5.75
46000	Q = +3	3	52.7	0.11333333333333333	0.0024634896455110506	460.0	5.75
46000	Q = -1	3	179.7	0.38645161290322577	0.0034535310309522288	460.0	5.75
46000	Q = -3	3	53.9	0.11591397849462365	0.0054635696092591324	460.0	5.75
47000	Q = +1	3	179.4	0.3858064516129033	0.0058342623510755035	470.0	5.875
47000	Q = +3	3	52.4	0.11268817204301075	0.002445694926054765	470.0	5.875
47000	Q = -1	3	179.3	0.3855913978494624	0.004384495679820222	470.0	5.875
47000	Q = -3	3	53.9	0.11591397849462365	0.00471649724719598	470.0	5.875
48000	Q = +1	3	179.8	0.38666666666666666	0.0063536974354581645	480.0	6.0
48000	Q = +3	3	51.7	0.11118279569892472	0.00231286964944827	480.0	6.0
48000	Q = -1	3	179.6	0.3862365591397849	0.004603467916273068	480.0	6.0
48000	Q = -3	3	53.9	0.11591397849462365	0.004606257728004971	480.0	6.0
49000	Q = +1	3	179.4	0.3858064516129033	0.006184847200035262	490.0	6.125
49000	Q = +3	3	52.0	0.1118279569892473	0.002441489084720632	490.0	6.125
49000	Q = -1	3	179.8	0.38666666666666666	0.004520109754963284	490.0	6.125
49000	Q = -3	3	53.8	0.1156989247311828	0.004565357226692662	490.0	6.125
50000	Q = +1	3	180.1	0.3873118279569892	0.006864150210481187	500.0	6.25
50000	Q = +3	3	51.8	0.1113978494623656	0.0022849286667396746	500.0	6.25
50000	Q = -1	3	179.4	0.3858064516129033	0.004757178501229262	500.0	6.25
50000	Q = -3	3	53.7	0.11548387096774194	0.004556907548476795	500.0	6.25
51000	Q = +1	3	178.5	0.3838709677419355	0.006802485911100993	510.0	6.375
51000	Q = +3	3	52.7	0.11333333333333333	0.0026831494297079434	510.0	6.375
51000	Q = -1	3	181.0	0.389247311827957	0.004711591892517562	510.0	6.375
51000	Q = -3	3	52.8	0.1135483870967742	0.0043698209760941	510.0	6.375
52000	Q = +1	3	178.6	0.3840860215053764	0.007112325020680985	520.0	6.5
52000	Q = +3	3	52.0	0.1118279569892473	0.0027012822482317947	520.0	6.5
52000	Q = -1	3	182.0	0.3913978494623656	0.005109255822567874	520.0	6.5
52000	Q = -3	3	52.4	0.11268817204301075	0.004107970976887283	520.0	6.5
53000	Q = +1	3	177.5	0.3817204301075269	0.007269891686754247	530.0	6.625
53000	Q = +3	3	51.9	0.11161290322580646	0.0024298854848284314	530.0	6.625
53000	Q = -1	3	184.0	0.3956989247311828	0.0056444500888973535	530.0	6.625
53000	Q = -3	3	51.6	0.11096774193548388	0.0038629945764322524	530.0	6.625
54000	Q = +1	3	178.4	0.3836559139784945	0.007601270905698389	540.0	6.75
54000	Q = +3	3	51.2	0.11010752688172044	0.002678357231866583	540.0	6.75
54000	Q = -1	3	183.8	0.39526881720430107	0.005097172425700696	540.0	6.75
54000	Q = -3	3	51.6	0.1109677419354839	0.004362759585577904	540.0	6.75
55000	Q = +1	3	179.0	0.3849462365591398	0.008451488259893617	550.0	6.875
55000	Q = +3	3	50.4	0.10838709677419356	0.0026083735338581025	550.0	6.875
55000	Q = -1	3	185.0	0.3978494623655914	0.005267719876953069	550.0	6.875
55000	Q = -3	3	50.6	0.10881720430107526	0.004592291721303789	550.0	6.875
56000	Q = +1	3	181.0	0.389247311827957	0.009252589419505406	560.0	7.0
56000	Q = +3	3	49.1	0.10559139784946237	0.0025130534971982955	560.0	7.0
56000	Q = -1	3	184.4	0.3965591397849463	0.005637162222605739	560.0	7.0
56000	Q = -3	3	50.5	0.10860215053763443	0.004604026013858469	560.0	7.0
57000	Q = +1	3	181.7	0.39075268817204295	0.008685675735868589	570.0	7.125
57000	Q = +3	3	48.3	0.10387096774193548	0.002886139374795327	570.0	7.125
57000	Q = -1	3	185.2	0.3982795698924732	0.004870333405437424	570.0	7.125
57000	Q = -3	3	49.8	0.1070967741935484	0.004404958134978414	570.0	7.125
58000	Q = +1	3	180.7	0.3886021505376344	0.008173614890012976	580.0	7.25
58000	Q = +3	3	48.2	0.10365591397849463	0.002791099976190939	580.0	7.25
58000	Q = -1	3	186.9	0.4019354838709678	0.004470383319761674	580.0	7.25
58000	Q = -3	3	49.2	0.10580645161290322	0.004310622617454597	580.0	7.25
59000	Q = +1	3	180.8	0.3888172043010753	0.008108917988461231	590.0	7.375
59000	Q = +3	3	47.9	0.10301075268817204	0.003213037251758418	590.0	7.375
59000	Q = -1	3	187.3	0.4027956989247311	0.004349193207775629	590.0	7.375
59000	Q = -3	3	49.0	0.1053763440860215	0.004004083166672097	590.0	7.375
60000	Q = +1	3	183.1	0.3937634408602151	0.008288486873856112	600.0	7.5
60000	Q = +3	3	46.5	0.1	0.003062366933805567	600.0	7.5
60000	Q = -1	3	187.0	0.4021505376344086	0.0037110190983640962	600.0	7.5
60000	Q = -3	3	48.4	0.10408602150537637	0.0043272797914800185	600.0	7.5
61000	Q = +1	3	183.7	0.3950537634408603	0.008457870068158402	610.0	7.625
61000	Q = +3	3	45.1	0.09698924731182798	0.003148414516988924	610.0	7.625
61000	Q = -1	3	188.4	0.40516129032258064	0.003319236387896836	610.0	7.625
61000	Q = -3	3	47.8	0.10279569892473116	0.004542789825879529	610.0	7.625
62000	Q = +1	3	185.1	0.39806451612903226	0.008276078023610259	620.0	7.75
62000	Q = +3	3	44.7	0.0961290322580645	0.002991060364878146	620.0	7.75
62000	Q = -1	3	187.9	0.4040860215053764	0.0034742998755706448	620.0	7.75
62000	Q = -3	3	47.3	0.10172043010752688	0.0044311281607241826	620.0	7.75
63000	Q = +1	3	185.1	0.39806451612903226	0.008043061864531338	630.0	7.875
63000	Q = +3	3	43.6	0.09376344086021504	0.0029591064430896483	630.0	7.875
63000	Q = -1	3	189.6	0.4077419354838709	0.0031279461260604216	630.0	7.875
63000	Q = -3	3	46.7	0.10043010752688172	0.0046351722323518885	630.0	7.875
64000	Q = +1	3	186.7	0.401505376344086	0.006868640496751085	640.0	8.0
64000	Q = +3	3	43.0	0.0924731182795699	0.003124658740889371	640.0	8.0
64000	Q = -1	3	190.0	0.4086021505376344	0.004029668622954896	640.0	8.0
64000	Q = -3	3	45.3	0.09741935483870967	0.00480928261439986	640.0	8.0
65000	Q = +1	3	188.0	0.4043010752688171	0.007956666337210962	650.0	8.125
65000	Q = +3	3	41.4	0.08903225806451613	0.003225009857835696	650.0	8.125
65000	Q = -1	3	190.8	0.4103225806451613	0.004891389852109531	650.0	8.125
65000	Q = -3	3	44.8	0.09634408602150538	0.004346238391748851	650.0	8.125
66000	Q = +1	3	188.5	0.4053763440860215	0.0070108113256264655	660.0	8.25
66000	Q = +3	3	40.8	0.08774193548387096	0.003137787616951868	660.0	8.25
66000	Q = -1	3	191.7	0.41225806451612906	0.004777120310120754	660.0	8.25
66000	Q = -3	3	44.0	0.09462365591397848	0.004324904123010281	660.0	8.25
67000	Q = +1	3	191.0	0.41075268817204297	0.0068906751774611705	670.0	8.375
67000	Q = +3	3	40.0	0.08602150537634409	0.003041319488974397	670.0	8.375
67000	Q = -1	3	190.2	0.4090322580645161	0.004922805652584776	670.0	8.375
67000	Q = -3	3	43.8	0.09419354838709676	0.004052557426552708	670.0	8.375
68000	Q = +1	3	191.7	0.41225806451612895	0.008366239421080853	680.0	8.5
68000	Q = +3	3	39.3	0.08451612903225808	0.0028322216867581944	680.0	8.5
68000	Q = -1	3	191.1	0.4109677419354839	0.005756678570011142	680.0	8.5
68000	Q = -3	3	42.9	0.09225806451612904	0.003997018454322768	680.0	8.5
69000	Q = +1	3	192.5	0.413978494623656	0.006556299206680703	690.0	8.625
69000	Q = +3	3	38.1	0.08193548387096777	0.0027098291285212604	690.0	8.625
69000	Q = -1	3	191.6	0.4120430107526881	0.004231212778028304	690.0	8.625
69000	Q = -3	3	42.8	0.09204301075268816	0.003936782858135048	690.0	8.625
70000	Q = +1	3	192.5	0.4139784946236559	0.006959314637615624	700.0	8.75
70000	Q = +3	3	37.5	0.08064516129032259	0.0025895902319983425	700.0	8.75
70000	Q = -1	3	192.7	0.4144086021505377	0.00403030617831415	700.0	8.75
70000	Q = -3	3	42.3	0.09096774193548388	0.003541682961157168	700.0	8.75
71000	Q = +1	3	193.5	0.4161290322580645	0.0077951839322335315	710.0	8.875
71000	Q = +3	3	37.0	0.07956989247311827	0.0027577611557951746	710.0	8.875
71000	Q = -1	3	192.7	0.4144086021505376	0.004925414591054302	710.0	8.875
71000	Q = -3	3	41.8	0.08989247311827958	0.0033897033455302897	710.0	8.875
72000	Q = +1	3	194.7	0.4187096774193548	0.008078760816563346	720.0	9.0
72000	Q = +3	3	36.5	0.07849462365591398	0.002628977895468423	720.0	9.0
72000	Q = -1	3	192.3	0.4135483870967742	0.005590019129715244	720.0	9.0
72000	Q = -3	3	41.5	0.08924731182795699	0.0036021059573909994	720.0	9.0
73000	Q = +1	3	196.0	0.421505376344086	0.006570000996352462	730.0	9.125
73000	Q = +3	3	34.7	0.0746236559139785	0.002078853046594983	730.0	9.125
73000	Q = -1	3	194.0	0.4172043010752688	0.004277113660265601	730.0	9.125
73000	Q = -3	3	40.3	0.08666666666666667	0.003423642705737506	730.0	9.125
74000	Q = +1	3	197.3	0.4243010752688173	0.006233262425327132	740.0	9.25
74000	Q = +3	3	34.4	0.07397849462365594	0.002107087950781229	740.0	9.25
74000	Q = -1	3	193.8	0.416774193548387	0.003870967741935483	740.0	9.25
74000	Q = -3	3	39.5	0.08494623655913977	0.00385033663139664	740.0	9.25
75000	Q = +1	3	198.4	0.4266666666666665	0.0058342623510755	750.0	9.375
75000	Q = +3	3	33.4	0.07182795698924731	0.002082557569366876	750.0	9.375
75000	Q = -1	3	194.4	0.4180645161290323	0.0047355253232727575	750.0	9.375
75000	Q = -3	3	38.8	0.08344086021505377	0.004102964307169659	750.0	9.375
76000	Q = +1	3	199.1	0.4281720430107527	0.00576559812690979	760.0	9.5
76000	Q = +3	3	32.4	0.0696774193548387	0.002724014336917561	760.0	9.5
76000	Q = -1	3	196.1	0.4217204301075269	0.0040607911220841685	760.0	9.5
76000	Q = -3	3	37.4	0.08043010752688172	0.0036860100737440686	760.0	9.5
77000	Q = +1	3	199.8	0.4296774193548387	0.006806639409588082	770.0	9.625
77000	Q = +3	3	32.0	0.06881720430107527	0.002221065718255152	770.0	9.625
77000	Q = -1	3	196.1	0.4217204301075269	0.00445887355988071	770.0	9.625
77000	Q = -3	3	37.1	0.07978494623655914	0.003826238321170615	770.0	9.625
78000	Q = +1	3	201.0	0.43225806451612897	0.0056444500888973535	780.0	9.75
78000	Q = +3	3	30.6	0.06580645161290323	0.0026083735338580994	780.0	9.75
78000	Q = -1	3	197.1	0.42387096774193533	0.004294499154336962	780.0	9.75
78000	Q = -3	3	36.3	0.07806451612903224	0.0037666823384715827	780.0	9.75
79000	Q = +1	3	203.1	0.43677419354838704	0.006293972125950064	790.0	9.875
79000	Q = +3	3	29.5	0.06344086021505377	0.002589590231998343	790.0	9.875
79000	Q = -1	3	196.3	0.42215053763440863	0.0030590090743156852	790.0	9.875
79000	Q = -3	3	36.1	0.07763440860215054	0.003866318726928115	790.0	9.875
80000	Q = +1	3	203.5	0.4376344086021505	0.005869825403852124	800.0	10.0
80000	Q = +3	3	28.4	0.0610752688172043	0.0020825575693668745	800.0	10.0
80000	Q = -1	3	197.5	0.4247311827956989	0.0030957452160127828	800.0	10.0
80000	Q = -3	3	35.6	0.07655913978494625	0.004680954184176202	800.0	10.0
81000	Q = +1	3	203.8	0.4382795698924731	0.006410061335084775	810.0	10.125
81000	Q = +3	3	27.9	0.06000000000000001	0.0018816350893773035	810.0	10.125
81000	Q = -1	3	198.4	0.4266666666666665	0.0034258933750103307	810.0	10.125
81000	Q = -3	3	34.9	0.07505376344086022	0.004606257728004973	810.0	10.125
82000	Q = +1	3	203.9	0.438494623655914	0.0058011392132430615	820.0	10.25
82000	Q = +3	3	27.7	0.05956989247311827	0.0017573692719901445	820.0	10.25
82000	Q = -1	3	199.6	0.42924731182795695	0.0035293286380189788	820.0	10.25
82000	Q = -3	3	33.8	0.07268817204301076	0.0044973153093500005	820.0	10.25
83000	Q = +1	3	206.1	0.4432258064516129	0.005425817769223297	830.0	10.375
83000	Q = +3	3	26.1	0.0561290322580645	0.0014847537761439411	830.0	10.375
83000	Q = -1	3	199.3	0.4286021505376344	0.003570583342053694	830.0	10.375
83000	Q = -3	3	33.5	0.07204301075268818	0.003903355810770461	830.0	10.375
84000	Q = +1	3	206.3	0.4436559139784945	0.0055066642758734505	840.0	10.5
84000	Q = +3	3	25.6	0.05505376344086022	0.0016409352175282587	840.0	10.5
84000	Q = -1	3	201.0	0.43225806451612897	0.003422892153781593	840.0	10.5
84000	Q = -3	3	32.1	0.06903225806451614	0.004048116961575771	840.0	10.5
85000	Q = +1	3	208.9	0.44924731182795696	0.00631027989295536	850.0	10.625
85000	Q = +3	3	23.8	0.05118279569892474	0.001352542097785893	850.0	10.625
85000	Q = -1	3	201.2	0.4326881720430108	0.005216747067716194	850.0	10.625
85000	Q = -3	3	31.1	0.06688172043010752	0.003892809744053179	850.0	10.625
86000	Q = +1	3	210.4	0.4524731182795699	0.005878136200716844	860.0	10.75
86000	Q = +3	3	23.3	0.05010752688172042	0.0022222222222222227	860.0	10.75
86000	Q = -1	3	200.0	0.4301075268817204	0.004545051608357672	860.0	10.75
86000	Q = -3	3	31.3	0.06731182795698926	0.003926980910337589	860.0	10.75
87000	Q = +1	3	210.9	0.4535483870967741	0.0052818457404411896	870.0	10.875
87000	Q = +3	3	22.6	0.04860215053763441	0.0025885978616871376	870.0	10.875
87000	Q = -1	3	201.5	0.4333333333333334	0.003742045343695535	870.0	10.875
87000	Q = -3	3	30.0	0.06451612903225808	0.003926326577097966	870.0	10.875
88000	Q = +1	3	210.3	0.452258064516129	0.005199480374419665	880.0	11.0
88000	Q = +3	3	22.4	0.04817204301075269	0.0022024790674892067	880.0	11.0
88000	Q = -1	3	202.8	0.4361290322580645	0.005036320593620162	880.0	11.0
88000	Q = -3	3	29.5	0.06344086021505377	0.0042318199693607	880.0	11.0
89000	Q = +1	3	210.3	0.452258064516129	0.004777120310120757	890.0	11.125
89000	Q = +3	3	22.0	0.04731182795698925	0.0016029161129030756	890.0	11.125
89000	Q = -1	3	204.8	0.4404301075268817	0.0050769695224733465	890.0	11.125
89000	Q = -3	3	27.9	0.06	0.004435764445707522	890.0	11.125
90000	Q = +1	3	211.4	0.4546236559139785	0.004926979291022103	900.0	11.25
90000	Q = +3	3	21.1	0.0453763440860215	0.0019354838709677422	900.0	11.25
90000	Q = -1	3	206.5	0.4440860215053763	0.004864526903892053	900.0	11.25
90000	Q = -3	3	26.0	0.05591397849462368	0.00382018999124709	900.0	11.25
91000	Q = +1	3	210.9	0.4535483870967743	0.005093642702076132	910.0	11.375
91000	Q = +3	3	21.0	0.04516129032258065	0.0016029161129030745	910.0	11.375
91000	Q = -1	3	208.0	0.4473118279569892	0.0052285541301248725	910.0	11.375
91000	Q = -3	3	25.1	0.053978494623655913	0.0030489133072597475	910.0	11.375
92000	Q = +1	3	210.6	0.4529032258064515	0.006067413324587475	920.0	11.5
92000	Q = +3	3	20.3	0.04365591397849463	0.001870679333433675	920.0	11.5
92000	Q = -1	3	209.1	0.4496774193548387	0.00557529157142674	920.0	11.5
92000	Q = -3	3	25.0	0.05376344086021505	0.003346987105355914	920.0	11.5
93000	Q = +1	3	211.5	0.4548387096774194	0.007090979133528333	930.0	11.625
93000	Q = +3	3	19.5	0.04193548387096774	0.0017921146953405011	930.0	11.625
93000	Q = -1	3	210.0	0.4516129032258065	0.0066554806528660495	930.0	11.625
93000	Q = -3	3	24.0	0.051612903225806465	0.0034824251760548	930.0	11.625
94000	Q = +1	3	212.2	0.4563440860215054	0.005494987210533847	940.0	11.75
94000	Q = +3	3	19.2	0.04129032258064516	0.001496818137478215	940.0	11.75
94000	Q = -1	3	210.7	0.4531182795698925	0.0055992041821300315	940.0	11.75
94000	Q = -3	3	22.9	0.04924731182795698	0.0032448660351989318	940.0	11.75
95000	Q = +1	3	212.1	0.4561290322580645	0.004628515686697613	950.0	11.875
95000	Q = +3	3	19.4	0.04172043010752688	0.0018747952445336234	950.0	11.875
95000	Q = -1	3	210.9	0.4535483870967743	0.005153817768607512	950.0	11.875
95000	Q = -3	3	22.6	0.04860215053763441	0.0026474817652500913	950.0	11.875
96000	Q = +1	3	214.3	0.4608602150537634	0.005690239318269856	960.0	12.0
96000	Q = +3	3	18.3	0.03935483870967742	0.0018430050368720336	960.0	12.0
96000	Q = -1	3	211.1	0.4539784946236559	0.005720861276768107	960.0	12.0
96000	Q = -3	3	21.3	0.04580645161290323	0.0023349817168318737	960.0	12.0
97000	Q = +1	3	214.6	0.461505376344086	0.006966325799716901	970.0	12.125
97000	Q = +3	3	17.1	0.036774193548387096	0.001987874498044737	970.0	12.125
97000	Q = -1	3	212.7	0.4574193548387097	0.0068686404967510896	970.0	12.125
97000	Q = -3	3	20.6	0.0443010752688172	0.002568669945113824	970.0	12.125
98000	Q = +1	3	214.0	0.4602150537634408	0.007640379982494178	980.0	12.25
98000	Q = +3	3	16.2	0.03483870967741935	0.0025806451612903217	980.0	12.25
98000	Q = -1	3	214.7	0.4617204301075269	0.006920811909870854	980.0	12.25
98000	Q = -3	3	20.1	0.043225806451612905	0.00249252167035322	980.0	12.25
99000	Q = +1	3	214.5	0.4612903225806452	0.007588076887904237	990.0	12.375
99000	Q = +3	3	16.1	0.034623655913978486	0.0021612635744346	990.0	12.375
99000	Q = -1	3	214.5	0.4612903225806451	0.00713432734655029	990.0	12.375
99000	Q = -3	3	19.9	0.04279569892473118	0.002408644819557196	990.0	12.375
100000	Q = +1	3	215.5	0.4634408602150537	0.006185262611071095	1000.0	12.5
100000	Q = +3	3	15.3	0.032903225806451615	0.00160451822835838	1000.0	12.5
100000	Q = -1	3	214.6	0.461505376344086	0.005816620150566535	1000.0	12.5
100000	Q = -3	3	19.6	0.0421505376344086	0.002568669945113823	1000.0	12.5
101000	Q = +1	3	217.9	0.4686021505376344	0.007099669949740935	1010.0	12.625
101000	Q = +3	3	14.6	0.0313978494623656	0.0019552948669513772	1010.0	12.625
101000	Q = -1	3	214.1	0.4604301075268818	0.006811544824329328	1010.0	12.625
101000	Q = -3	3	18.4	0.03956989247311828	0.0026280003985409838	1010.0	12.625
102000	Q = +1	3	217.0	0.4666666666666667	0.0048194225989882725	1020.0	12.75
102000	Q = +3	3	14.6	0.0313978494623656	0.001847182613150555	1020.0	12.75
102000	Q = -1	3	215.4	0.4632258064516129	0.005798924277034169	1020.0	12.75
102000	Q = -3	3	18.0	0.03870967741935484	0.002776332147818937	1020.0	12.75
103000	Q = +1	3	216.7	0.4660215053763441	0.007296702325504255	1030.0	12.875
103000	Q = +3	3	13.3	0.028602150537634406	0.0016673409820233704	1030.0	12.875
103000	Q = -1	3	218.0	0.4688172043010752	0.008033792531109333	1030.0	12.875
103000	Q = -3	3	17.0	0.03655913978494624	0.002776332147818937	1030.0	12.875
104000	Q = +1	3	215.1	0.4625806451612904	0.0063265456240066	1040.0	13.0
104000	Q = +3	3	13.1	0.02817204301075268	0.0019354838709677422	1040.0	13.0
104000	Q = -1	3	220.7	0.4746236559139785	0.007359811631449588	1040.0	13.0
104000	Q = -3	3	16.1	0.034623655913978486	0.0027661335314085643	1040.0	13.0
105000	Q = +1	3	215.4	0.4632258064516129	0.005318204155122986	1050.0	13.125
105000	Q = +3	3	12.4	0.026666666666666672	0.0011647366888366964	1050.0	13.125
105000	Q = -1	3	221.8	0.4769892473118279	0.005333641645229609	1050.0	13.125
105000	Q = -3	3	15.4	0.033118279569892474	0.002248657654674999	1050.0	13.125
106000	Q = +1	3	213.4	0.4589247311827957	0.004669963433663751	1060.0	13.25
106000	Q = +3	3	12.7	0.02731182795698925	0.0013620071684587814	1060.0	13.25
106000	Q = -1	3	225.0	0.4838709677419355	0.004798050331378215	1060.0	13.25
106000	Q = -3	3	13.9	0.029892473118279576	0.002343768132512088	1060.0	13.25
107000	Q = +1	3	215.5	0.4634408602150537	0.0062923390246963215	1070.0	13.375
107000	Q = +3	3	11.9	0.02559139784946237	0.0017397363583529168	1070.0	13.375
107000	Q = -1	3	223.9	0.4815053763440861	0.005630321280533028	1070.0	13.375
107000	Q = -3	3	13.7	0.02946236559139785	0.0022222222222222227	1070.0	13.375
108000	Q = +1	3	215.5	0.4634408602150537	0.006779785672344446	1080.0	13.5
108000	Q = +3	3	12.0	0.025806451612903226	0.0020020415833360487	1080.0	13.5
108000	Q = -1	3	224.2	0.4821505376344087	0.007087717330069266	1080.0	13.5
108000	Q = -3	3	13.3	0.028602150537634406	0.002312869649448269	1080.0	13.5
109000	Q = +1	3	216.6	0.4658064516129032	0.008379434664488865	1090.0	13.625
109000	Q = +3	3	11.0	0.023655913978494626	0.002849406009226064	1090.0	13.625
109000	Q = -1	3	224.5	0.4827956989247312	0.008016183320368716	1090.0	13.625
109000	Q = -3	3	12.9	0.02774193548387097	0.002408644819557196	1090.0	13.625
110000	Q = +1	3	214.1	0.4604301075268818	0.00838096764682263	1100.0	13.75
110000	Q = +3	3	10.9	0.023440860215053764	0.0022083042008242807	1100.0	13.75
110000	Q = -1	3	228.2	0.4907526881720431	0.007323063965087956	1100.0	13.75
110000	Q = -3	3	11.8	0.025376344086021508	0.002499726992711497	1100.0	13.75
111000	Q = +1	3	213.9	0.4600000000000001	0.00743207055385392	1110.0	13.875
111000	Q = +3	3	10.9	0.023440860215053767	0.0018261991688683866	1110.0	13.875
111000	Q = -1	3	228.6	0.4916129032258064	0.0075673939615177955	1110.0	13.875
111000	Q = -3	3	11.6	0.024946236559139787	0.0024456949260547645	1110.0	13.875
112000	Q = +1	3	215.1	0.4625806451612903	0.007425153137468774	1120.0	14.0
112000	Q = +3	3	10.6	0.022795698924731187	0.0020326088715064985	1120.0	14.0
112000	Q = -1	3	228.1	0.4905376344086021	0.007250073037553347	1120.0	14.0
112000	Q = -3	3	11.2	0.024086021505376344	0.002216433667919757	1120.0	14.0
113000	Q = +1	3	216.0	0.464516129032258	0.006868266418353249	1130.0	14.125
113000	Q = +3	3	10.2	0.021935483870967745	0.0017791646804287964	1130.0	14.125
113000	Q = -1	3	228.2	0.4907526881720431	0.006584064517967036	1130.0	14.125
113000	Q = -3	3	10.6	0.022795698924731184	0.0018747952445336226	1130.0	14.125
114000	Q = +1	3	216.0	0.464516129032258	0.007030938973613897	1140.0	14.25
114000	Q = +3	3	10.8	0.0232258064516129	0.0018637992831541219	1140.0	14.25
114000	Q = -1	3	228.0	0.4903225806451613	0.006957468420674369	1140.0	14.25
114000	Q = -3	3	10.2	0.021935483870967745	0.0021216700483080637	1140.0	14.25
115000	Q = +1	3	217.7	0.4681720430107527	0.006785846494359206	1150.0	14.375
115000	Q = +3	3	9.8	0.0210752688172043	0.002560655354765843	1150.0	14.375
115000	Q = -1	3	228.1	0.4905376344086022	0.0062365591397849475	1150.0	14.375
115000	Q = -3	3	9.4	0.02021505376344086	0.002248657654675	1150.0	14.375
116000	Q = +1	3	217.0	0.4666666666666666	0.0072397884862810576	1160.0	14.5
116000	Q = +3	3	9.1	0.019569892473118283	0.0020135586960843208	1160.0	14.5
116000	Q = -1	3	229.7	0.4939784946236559	0.007380728152304564	1160.0	14.5
116000	Q = -3	3	9.2	0.019784946236559138	0.0023947373603569987	1160.0	14.5
117000	Q = +1	3	217.1	0.4668817204301074	0.008294684337615576	1170.0	14.625
117000	Q = +3	3	8.4	0.018064516129032256	0.0020326088715064985	1170.0	14.625
117000	Q = -1	3	231.0	0.496774193548387	0.008154417261969823	1170.0	14.625
117000	Q = -3	3	8.5	0.01827956989247312	0.002549594156814156	1170.0	14.625
118000	Q = +1	3	216.6	0.4658064516129032	0.008716091270864895	1180.0	14.75
118000	Q = +3	3	8.5	0.01827956989247312	0.002529358962634745	1180.0	14.75
118000	Q = -1	3	231.9	0.4987096774193549	0.007432070553853927	1180.0	14.75
118000	Q = -3	3	8.0	0.017204301075268817	0.0022668657062138923	1180.0	14.75
119000	Q = +1	3	217.4	0.4675268817204301	0.007702007752581094	1190.0	14.875
119000	Q = +3	3	8.2	0.017634408602150542	0.0018078165179811452	1190.0	14.875
119000	Q = -1	3	231.7	0.4982795698924731	0.006428073344743285	1190.0	14.875
119000	Q = -3	3	7.7	0.016559139784946237	0.002421411577642227	1190.0	14.875
120000	Q = +1	3	216.7	0.4660215053763441	0.006175285033485811	1200.0	15.0
120000	Q = +3	3	7.7	0.016559139784946237	0.0018430050368720347	1200.0	15.0
120000	Q = -1	3	233.3	0.5017204301075269	0.005199480374419669	1200.0	15.0
120000	Q = -3	3	7.3	0.015698924731182794	0.002198976580670676	1200.0	15.0
121000	Q = +1	3	217.2	0.4670967741935484	0.006426074503516832	1210.0	15.125
121000	Q = +3	3	7.2	0.01548387096774194	0.0015307639071012633	1210.0	15.125
121000	Q = -1	3	233.7	0.5025806451612903	0.005089605734767023	1210.0	15.125
121000	Q = -3	3	6.9	0.014838709677419354	0.0019087493843289386	1210.0	15.125
122000	Q = +1	3	216.1	0.4647311827956989	0.007466561506507752	1220.0	15.25
122000	Q = +3	3	7.5	0.01612903225806452	0.0011669405445232765	1220.0	15.25
122000	Q = -1	3	234.4	0.5040860215053764	0.006041951972962155	1220.0	15.25
122000	Q = -3	3	7.0	0.015053763440860212	0.0018134925649711132	1220.0	15.25
123000	Q = +1	3	212.7	0.4574193548387097	0.00700934524210445	1230.0	15.375
123000	Q = +3	3	7.6	0.016344086021505375	0.0011197490574776565	1230.0	15.375
123000	Q = -1	3	237.9	0.5116129032258064	0.005657635418602339	1230.0	15.375
123000	Q = -3	3	6.8	0.014623655913978491	0.002072664128286876	1230.0	15.375
124000	Q = +1	3	213.6	0.4593548387096774	0.006024917961132815	1240.0	15.5
124000	Q = +3	3	8.4	0.01806451612903226	0.0016093150050640608	1240.0	15.5
124000	Q = -1	3	235.9	0.5073118279569893	0.004960759935998844	1240.0	15.5
124000	Q = -3	3	7.1	0.015268817204301075	0.001709944149372984	1240.0	15.5
125000	Q = +1	3	214.0	0.4602150537634408	0.0064276736262250545	1250.0	15.625
125000	Q = +3	3	9.3	0.02	0.002198976580670676	1250.0	15.625
125000	Q = -1	3	234.7	0.5047311827956988	0.0051597966775421035	1250.0	15.625
125000	Q = -3	3	7.0	0.01505376344086022	0.0018134925649711132	1250.0	15.625
126000	Q = +1	3	211.7	0.455268817204301	0.0053744321570542075	1260.0	15.75
126000	Q = +3	3	7.9	0.01698924731182796	0.00218491048804705	1260.0	15.75
126000	Q = -1	3	239.4	0.5148387096774194	0.005181164444327636	1260.0	15.75
126000	Q = -3	3	6.0	0.012903225806451613	0.0011105328591275746	1260.0	15.75
127000	Q = +1	3	213.5	0.4591397849462366	0.006101617616821979	1270.0	15.875
127000	Q = +3	3	7.8	0.0167741935483871	0.0016596181939484192	1270.0	15.875
127000	Q = -1	3	238.1	0.5120430107526882	0.005193547150302497	1270.0	15.875
127000	Q = -3	3	5.6	0.012043010752688172	0.0010238607066011254	1270.0	15.875
128000	Q = +1	3	216.5	0.4655913978494624	0.0054898414332747785	1280.0	16.0
128000	Q = +3	3	7.5	0.016129032258064512	0.0012519175051306794	1280.0	16.0
128000	Q = -1	3	235.2	0.5058064516129032	0.004531463979721603	1280.0	16.0
128000	Q = -3	3	5.8	0.012473118279569895	0.0011012395337446034	1280.0	16.0
129000	Q = +1	3	214.6	0.4615053763440861	0.004455991474672409	1290.0	16.125
129000	Q = +3	3	6.8	0.014623655913978496	0.000895340214824143	1290.0	16.125
129000	Q = -1	3	238.6	0.5131182795698924	0.003288127581700265	1290.0	16.125
129000	Q = -3	3	5.0	0.010752688172043013	0.0011105328591275746	1290.0	16.125
130000	Q = +1	3	213.9	0.46	0.004538828994487945	1300.0	16.25
130000	Q = +3	3	6.1	0.013118279569892474	0.0017690269074197946	1300.0	16.25
130000	Q = -1	3	240.3	0.5167741935483872	0.0033323696915181183	1300.0	16.25
130000	Q = -3	3	4.7	0.010107526881720431	0.0011128440642480305	1300.0	16.25
131000	Q = +1	3	209.0	0.4494623655913979	0.0058676363956074885	1310.0	16.375
131000	Q = +3	3	7.3	0.015698924731182794	0.001977507415646412	1310.0	16.375
131000	Q = -1	3	244.1	0.5249462365591399	0.004617400119050299	1310.0	16.375
131000	Q = -3	3	4.6	0.009892473118279572	0.0009723770585125832	1310.0	16.375
132000	Q = +1	3	211.8	0.4554838709677419	0.005678939733430353	1320.0	16.5
132000	Q = +3	3	6.9	0.014838709677419357	0.0018541243234949905	1320.0	16.5
132000	Q = -1	3	242.2	0.5208602150537633	0.004334398984324295	1320.0	16.5
132000	Q = -3	3	4.1	0.008817204301075271	0.0010847846559441977	1320.0	16.5
133000	Q = +1	3	211.2	0.4541935483870967	0.004298685118441556	1330.0	16.625
133000	Q = +3	3	7.4	0.01591397849462366	0.0014047253005208188	1330.0	16.625
133000	Q = -1	3	242.7	0.5219354838709678	0.004017535847799868	1330.0	16.625
133000	Q = -3	3	3.7	0.00795698924731183	0.001016304435753249	1330.0	16.625
134000	Q = +1	3	210.8	0.4533333333333334	0.0034048292722689373	1340.0	16.75
134000	Q = +3	3	7.7	0.01655913978494624	0.001727881117303792	1340.0	16.75
134000	Q = -1	3	242.5	0.521505376344086	0.0030623669338055684	1340.0	16.75
134000	Q = -3	3	4.0	0.008602150537634409	0.001013773162991466	1340.0	16.75
135000	Q = +1	3	212.3	0.4565591397849462	0.004766351314660731	1350.0	16.875
135000	Q = +3	3	6.7	0.014408602150537637	0.001727881117303792	1350.0	16.875
135000	Q = -1	3	242.6	0.5217204301075269	0.003862994576432247	1350.0	16.875
135000	Q = -3	3	3.4	0.007311827956989248	0.0009180106433595483	1350.0	16.875
136000	Q = +1	3	209.9	0.4513978494623657	0.005193547150302495	1360.0	17.0
136000	Q = +3	3	7.0	0.015053763440860216	0.0017263934879988953	1360.0	17.0
136000	Q = -1	3	245.1	0.5270967741935484	0.004412534307243697	1360.0	17.0
136000	Q = -3	3	3.0	0.006451612903225807	0.0011995125828445528	1360.0	17.0
137000	Q = +1	3	208.7	0.4488172043010752	0.005553126998384036	1370.0	17.125
137000	Q = +3	3	8.2	0.017634408602150542	0.0019447541170251664	1370.0	17.125
137000	Q = -1	3	245.4	0.5277419354838709	0.005171236931002565	1370.0	17.125
137000	Q = -3	3	2.7	0.005806451612903227	0.0011580999585235493	1370.0	17.125
138000	Q = +1	3	207.0	0.4451612903225807	0.005468740106884769	1380.0	17.25
138000	Q = +3	3	7.5	0.016129032258064512	0.0014426245016127676	1380.0	17.25
138000	Q = -1	3	247.9	0.5331182795698923	0.004617400119050292	1380.0	17.25
138000	Q = -3	3	2.6	0.005591397849462367	0.0009723770585125832	1380.0	17.25
139000	Q = +1	3	206.8	0.44473118279569895	0.00473118279569893	1390.0	17.375
139000	Q = +3	3	6.6	0.014193548387096775	0.001208050146691951	1390.0	17.375
139000	Q = -1	3	248.9	0.5352688172043011	0.004111097049158336	1390.0	17.375
139000	Q = -3	3	2.7	0.005806451612903227	0.0011128440642480305	1390.0	17.375
140000	Q = +1	3	208.4	0.44817204301075264	0.00646911207035326	1400.0	17.5
140000	Q = +3	3	6.6	0.014193548387096775	0.0019020070482324875	1400.0	17.5
140000	Q = -1	3	247.1	0.5313978494623657	0.005630321280533049	1400.0	17.5
140000	Q = -3	3	2.9	0.0062365591397849475	0.0011757146571223461	1400.0	17.5
141000	Q = +1	3	207.9	0.4470967741935484	0.005774503906278516	1410.0	17.625
141000	Q = +3	3	7.3	0.015698924731182798	0.0018149088030354355	1410.0	17.625
141000	Q = -1	3	246.9	0.5309677419354839	0.005113779735343887	1410.0	17.625
141000	Q = -3	3	2.9	0.0062365591397849475	0.000985500149452869	1410.0	17.625
142000	Q = +1	3	208.9	0.4492473118279571	0.006486960118934019	1420.0	17.75
142000	Q = +3	3	6.6	0.014193548387096775	0.0017024146361344686	1420.0	17.75
142000	Q = -1	3	247.1	0.5313978494623656	0.005397330604754432	1420.0	17.75
142000	Q = -3	3	2.4	0.005161290322580646	0.0009180106433595484	1420.0	17.75
143000	Q = +1	3	208.4	0.4481720430107528	0.0068921665042132865	1430.0	17.875
143000	Q = +3	3	6.2	0.01333333333333333	0.0015964915735713322	1430.0	17.875
143000	Q = -1	3	248.1	0.5335483870967742	0.005738797866559265	1430.0	17.875
143000	Q = -3	3	2.3	0.004946236559139785	0.0007885304659498207	1430.0	17.875
144000	Q = +1	3	209.0	0.4494623655913979	0.00520886082425375	1440.0	18.0
144000	Q = +3	3	6.5	0.013978494623655916	0.0017632077241933825	1440.0	18.0
144000	Q = -1	3	246.8	0.5307526881720431	0.004077838753642415	1440.0	18.0
144000	Q = -3	3	2.7	0.005806451612903227	0.000964417494413886	1440.0	18.0
145000	Q = +1	3	209.2	0.4498924731182796	0.005513658644596249	1450.0	18.125
145000	Q = +3	3	6.6	0.014193548387096775	0.0016093150050640606	1450.0	18.125
145000	Q = -1	3	246.7	0.5305376344086022	0.004384495679820232	1450.0	18.125
145000	Q = -3	3	2.5	0.005376344086021507	0.0008631967439994478	1450.0	18.125
146000	Q = +1	3	208.4	0.4481720430107528	0.005171236931002564	1460.0	18.25
146000	Q = +3	3	6.4	0.013763440860215055	0.0017323363403002974	1460.0	18.25
146000	Q = -1	3	247.7	0.5326881720430108	0.00420502060962365	1460.0	18.25
146000	Q = -3	3	2.5	0.005376344086021507	0.0008014580564515376	1460.0	18.25
147000	Q = +1	3	207.1	0.4453763440860216	0.005002022946070111	1470.0	18.375
147000	Q = +3	3	6.4	0.013763440860215055	0.001208050146691951	1470.0	18.375
147000	Q = -1	3	249.0	0.535483870967742	0.0036127894389545883	1470.0	18.375
147000	Q = -3	3	2.5	0.005376344086021507	0.0008631967439994478	1470.0	18.375
148000	Q = +1	3	206.4	0.44387096774193546	0.0033805953039574496	1480.0	18.5
148000	Q = +3	3	5.7	0.012258064516129031	0.0011128440642480305	1480.0	18.5
148000	Q = -1	3	250.4	0.5384946236559142	0.0025885978616871433	1480.0	18.5
148000	Q = -3	3	2.5	0.005376344086021507	0.0008014580564515376	1480.0	18.5
149000	Q = +1	3	207.7	0.44666666666666666	0.0047230297949904425	1490.0	18.625
149000	Q = +3	3	6.3	0.013548387096774195	0.0013992273330425185	1490.0	18.625
149000	Q = -1	3	248.9	0.5352688172043012	0.004035402994992821	1490.0	18.625
149000	Q = -3	3	2.1	0.004516129032258065	0.0009318996415770607	1490.0	18.625
150000	Q = +1	3	206.0	0.4430107526881721	0.006124733867611132	1500.0	18.75
150000	Q = +3	3	6.6	0.014193548387096775	0.0015770609318996414	1500.0	18.75
150000	Q = -1	3	250.4	0.5384946236559139	0.004874551971326161	1500.0	18.75
150000	Q = -3	3	2.0	0.004301075268817204	0.0009067462824855568	1500.0	18.75
151000	Q = +1	3	210.1	0.4518279569892473	0.007228778475099205	1510.0	18.875
151000	Q = +3	3	6.5	0.013978494623655913	0.0020084481327773333	1510.0	18.875
151000	Q = -1	3	246.6	0.5303225806451614	0.00577227874959065	1510.0	18.875
151000	Q = -3	3	1.8	0.0038709677419354843	0.0007023626502604094	1510.0	18.875
152000	Q = +1	3	206.9	0.4449462365591398	0.004939999183948403	1520.0	19.0
152000	Q = +3	3	7.0	0.015053763440860216	0.002150537634408602	1520.0	19.0
152000	Q = -1	3	249.3	0.5361290322580645	0.003393491147969771	1520.0	19.0
152000	Q = -3	3	1.8	0.0038709677419354843	0.0008359787662860647	1520.0	19.0
153000	Q = +1	3	208.1	0.44752688172043015	0.004222094429427156	1530.0	19.125
153000	Q = +3	3	7.2	0.01548387096774194	0.0021931266725130263	1530.0	19.125
153000	Q = -1	3	248.6	0.5346236559139785	0.0037550683451494744	1530.0	19.125
153000	Q = -3	3	1.1	0.002365591397849463	0.0005954569077360628	1530.0	19.125
154000	Q = +1	3	208.4	0.4481720430107528	0.005754446520541788	1540.0	19.25
154000	Q = +3	3	6.3	0.013548387096774195	0.0014708447690812325	1540.0	19.25
154000	Q = -1	3	249.2	0.5359139784946236	0.005167260585215799	1540.0	19.25
154000	Q = -3	3	1.1	0.002365591397849463	0.0006762710488929464	1540.0	19.25
155000	Q = +1	3	205.8	0.4425806451612903	0.0057150197642995655	1550.0	19.375
155000	Q = +3	3	6.4	0.013763440860215055	0.002082557569366874	1550.0	19.375
155000	Q = -1	3	252.0	0.5419354838709677	0.004336769451542399	1550.0	19.375
155000	Q = -3	3	0.8	0.0017204301075268822	0.0005364383350213536	1550.0	19.375
156000	Q = +1	3	208.7	0.4488172043010753	0.005617529232534788	1560.0	19.5
156000	Q = +3	3	5.8	0.012473118279569895	0.002239498114955313	1560.0	19.5
156000	Q = -1	3	249.5	0.5365591397849462	0.0050510936286603	1560.0	19.5
156000	Q = -3	3	1.0	0.002150537634408602	0.0006411664451612301	1560.0	19.5
157000	Q = +1	3	209.3	0.4501075268817204	0.004755557932794834	1570.0	19.625
157000	Q = +3	3	5.9	0.012688172043010754	0.0014497310692585435	1570.0	19.625
157000	Q = -1	3	249.0	0.535483870967742	0.0038603331950785038	1570.0	19.625
157000	Q = -3	3	0.8	0.0017204301075268815	0.0007720666390156995	1570.0	19.625
158000	Q = +1	3	208.8	0.4490322580645161	0.005391138545365782	1580.0	19.75
158000	Q = +3	3	5.5	0.011827956989247313	0.0016425002490881144	1580.0	19.75
158000	Q = -1	3	249.9	0.5374193548387097	0.005093642702076139	1580.0	19.75
158000	Q = -3	3	0.8	0.0017204301075268815	0.0007023626502604094	1580.0	19.75
159000	Q = +1	3	204.2	0.4391397849462365	0.005216747067716199	1590.0	19.875
159000	Q = +3	3	6.4	0.013763440860215055	0.0018747952445336226	1590.0	19.875
159000	Q = -1	3	253.6	0.5453763440860215	0.005019968860218384	1590.0	19.875
159000	Q = -3	3	0.8	0.0017204301075268815	0.0007023626502604094	1590.0	19.875
160000	Q = +1	3	203.6	0.43784946236559136	0.003078266746033531	1600.0	20.0
160000	Q = +3	3	6.0	0.012903225806451616	0.0014690968840085446	1600.0	20.0
160000	Q = -1	3	254.6	0.5475268817204302	0.004432867335839527	1600.0	20.0
160000	Q = -3	3	0.8	0.0017204301075268815	0.0007023626502604094	1600.0	20.0
161000	Q = +1	3	204.2	0.43913978494623657	0.005036320593620156	1610.0	20.125
161000	Q = +3	3	6.1	0.013118279569892474	0.0018541243234949914	1610.0	20.125
161000	Q = -1	3	254.0	0.546236559139785	0.004142848251412153	1610.0	20.125
161000	Q = -3	3	0.7	0.0015053763440860215	0.0005598745287388282	1610.0	20.125
162000	Q = +1	3	203.9	0.438494623655914	0.006431270198525272	1620.0	20.25
162000	Q = +3	3	5.3	0.011397849462365594	0.002198976580670676	1620.0	20.25
162000	Q = -1	3	254.9	0.5481720430107527	0.006170290194410134	1620.0	20.25
162000	Q = -3	3	0.9	0.0019354838709677422	0.0007484090687391075	1620.0	20.25
163000	Q = +1	3	205.6	0.4421505376344085	0.0057811742376074424	1630.0	20.375
163000	Q = +3	3	4.6	0.00989247311827957	0.001928834988827772	1630.0	20.375
163000	Q = -1	3	254.1	0.5464516129032259	0.005501062377906714	1630.0	20.375
163000	Q = -3	3	0.7	0.0015053763440860215	0.0006451612903225806	1630.0	20.375
164000	Q = +1	3	202.9	0.4363440860215054	0.005729836590220088	1640.0	20.5
164000	Q = +3	3	4.8	0.010322580645161292	0.001314000199270492	1640.0	20.5
164000	Q = -1	3	256.9	0.5524731182795699	0.005510395710674579	1640.0	20.5
164000	Q = -3	3	0.4	0.000860215053763441	0.00047550176205812177	1640.0	20.5
165000	Q = +1	3	203.5	0.4376344086021505	0.0043868390769302495	1650.0	20.625
165000	Q = +3	3	6.0	0.012903225806451616	0.0010632542633828906	1650.0	20.625
165000	Q = -1	3	255.1	0.5486021505376344	0.003971222647875139	1650.0	20.625
165000	Q = -3	3	0.4	0.000860215053763441	0.00047550176205812177	1650.0	20.625
166000	Q = +1	3	204.1	0.4389247311827957	0.003958261703879148	1660.0	20.75
166000	Q = +3	3	5.4	0.011612903225806454	0.0012498634963557485	1660.0	20.75
166000	Q = -1	3	254.9	0.5481720430107526	0.003604957981557026	1660.0	20.75
166000	Q = -3	3	0.6	0.0012903225806451613	0.0007310422241710086	1660.0	20.75
167000	Q = +1	3	204.3	0.4393548387096773	0.004862413729637744	1670.0	20.875
167000	Q = +3	3	6.4	0.013763440860215055	0.0016093150050640608	1670.0	20.875
167000	Q = -1	3	253.3	0.5447311827956989	0.0036978409681803453	1670.0	20.875
167000	Q = -3	3	1.0	0.002150537634408602	0.0009067462824855568	1670.0	20.875
168000	Q = +1	3	202.2	0.4348387096774194	0.0027164581106088066	1680.0	21.0
168000	Q = +3	3	6.3	0.013548387096774198	0.0010656680105604662	1680.0	21.0
168000	Q = -1	3	255.8	0.5501075268817204	0.0024161002933839	1680.0	21.0
168000	Q = -3	3	0.7	0.0015053763440860215	0.0006451612903225806	1680.0	21.0
169000	Q = +1	3	204.5	0.4397849462365591	0.0042074639686965395	1690.0	21.125
169000	Q = +3	3	5.8	0.012473118279569895	0.0015639730630302095	1690.0	21.125
169000	Q = -1	3	254.0	0.5462365591397849	0.0036552111208550367	1690.0	21.125
169000	Q = -3	3	0.7	0.0015053763440860215	0.0005598745287388282	1690.0	21.125
170000	Q = +1	3	203.4	0.43741935483870975	0.004895590273538026	1700.0	21.25
170000	Q = +3	3	5.9	0.012688172043010754	0.0017397363583529172	1700.0	21.25
170000	Q = -1	3	255.1	0.5486021505376344	0.0044473340126870535	1700.0	21.25
170000	Q = -3	3	0.6	0.0012903225806451615	0.0006570000996352457	1700.0	21.25
171000	Q = +1	3	203.8	0.4382795698924731	0.004943638609194739	1710.0	21.375
171000	Q = +3	3	5.7	0.012258064516129034	0.0015721657490653266	1710.0	21.375
171000	Q = -1	3	255.2	0.5488172043010753	0.0038443262158543157	1710.0	21.375
171000	Q = -3	3	0.3	0.0006451612903225806	0.00045900532167977414	1710.0	21.375
172000	Q = +1	3	204.8	0.4404301075268817	0.0049643841414138455	1720.0	21.5
172000	Q = +3	3	4.0	0.008602150537634409	0.0012416134821282275	1720.0	21.5
172000	Q = -1	3	256.1	0.5507526881720429	0.004981434165761051	1720.0	21.5
172000	Q = -3	3	0.1	0.00021505376344086021	0.0002150537634408602	1720.0	21.5
173000	Q = +1	3	203.5	0.4376344086021506	0.002925047421233431	1730.0	21.625
173000	Q = +3	3	4.4	0.009462365591397851	0.0007310422241710088	1730.0	21.625
173000	Q = -1	3	256.5	0.5516129032258064	0.002667784095473605	1730.0	21.625
173000	Q = -3	3	0.6	0.0012903225806451615	0.00047550176205812177	1730.0	21.625
174000	Q = +1	3	201.0	0.43225806451612897	0.0040040831666720966	1740.0	21.75
174000	Q = +3	3	5.4	0.011612903225806454	0.0007982457867856662	1740.0	21.75
174000	Q = -1	3	258.2	0.5552688172043011	0.00391058973390275	1740.0	21.75
174000	Q = -3	3	0.4	0.000860215053763441	0.00047550176205812177	1740.0	21.75
175000	Q = +1	3	202.3	0.4350537634408601	0.00401753584779987	1750.0	21.875
175000	Q = +3	3	5.4	0.011612903225806454	0.001072876670042707	1750.0	21.875
175000	Q = -1	3	256.9	0.5524731182795699	0.0037447907918592032	1750.0	21.875
175000	Q = -3	3	0.4	0.000860215053763441	0.00047550176205812177	1750.0	21.875
176000	Q = +1	3	200.9	0.43204301075268814	0.004447334012687047	1760.0	22.0
176000	Q = +3	3	5.6	0.012043010752688172	0.001208050146691951	1760.0	22.0
176000	Q = -1	3	257.9	0.5546236559139786	0.0033231045122578537	1760.0	22.0
176000	Q = -3	3	0.6	0.0012903225806451615	0.0006570000996352457	1760.0	22.0
177000	Q = +1	3	200.6	0.4313978494623657	0.004490454412434643	1770.0	22.125
177000	Q = +3	3	5.9	0.012688172043010754	0.0017690269074197946	1770.0	22.125
177000	Q = -1	3	258.1	0.5550537634408601	0.004342098271228052	1770.0	22.125
177000	Q = -3	3	0.4	0.000860215053763441	0.00047550176205812177	1770.0	22.125
178000	Q = +1	3	200.9	0.43204301075268814	0.004991739170911448	1780.0	22.25
178000	Q = +3	3	5.6	0.012043010752688174	0.001671957532572129	1780.0	22.25
178000	Q = -1	3	258.1	0.5550537634408602	0.0044703833197616855	1780.0	22.25
178000	Q = -3	3	0.4	0.000860215053763441	0.00047550176205812177	1780.0	22.25
179000	Q = +1	3	200.2	0.43053763440860215	0.006173204341680568	1790.0	22.375
179000	Q = +3	3	5.8	0.012473118279569895	0.0017204301075268815	1790.0	22.375
179000	Q = -1	3	258.7	0.5563440860215053	0.005663082437275975	1790.0	22.375
179000	Q = -3	3	0.3	0.0006451612903225806	0.00032850004981762286	1790.0	22.375
180000	Q = +1	3	202.2	0.4348387096774194	0.0060129654410066855	1800.0	22.5
180000	Q = +3	3	6.0	0.012903225806451613	0.0010632542633828906	1800.0	22.5
180000	Q = -1	3	256.6	0.5518279569892474	0.005825447929436567	1800.0	22.5
180000	Q = -3	3	0.2	0.00043010752688172043	0.0004301075268817204	1800.0	22.5
181000	Q = +1	3	203.4	0.4374193548387096	0.0049581695959256145	1810.0	22.625
181000	Q = +3	3	4.9	0.010537634408602151	0.0015851859775982784	1810.0	22.625
181000	Q = -1	3	256.4	0.5513978494623656	0.003862994576432265	1810.0	22.625
181000	Q = -3	3	0.3	0.0006451612903225806	0.00032850004981762286	1810.0	22.625
182000	Q = +1	3	204.1	0.4389247311827956	0.004887711522216711	1820.0	22.75
182000	Q = +3	3	4.4	0.009462365591397851	0.0016409352175282578	1820.0	22.75
182000	Q = -1	3	256.4	0.5513978494623656	0.003980915663631491	1820.0	22.75
182000	Q = -3	3	0.1	0.00021505376344086021	0.0002150537634408602	1820.0	22.75
183000	Q = +1	3	200.7	0.4316129032258065	0.004668312589294604	1830.0	22.875
183000	Q = +3	3	5.8	0.012473118279569895	0.0014265052861743655	1830.0	22.875
183000	Q = -1	3	258.3	0.5554838709677419	0.004511575334067259	1830.0	22.875
183000	Q = -3	3	0.2	0.00043010752688172043	0.0004301075268817204	1830.0	22.875
184000	Q = +1	3	200.7	0.4316129032258065	0.0033783144567593364	1840.0	23.0
184000	Q = +3	3	5.2	0.011182795698924731	0.0013525420977858929	1840.0	23.0
184000	Q = -1	3	259.0	0.556989247311828	0.002720238847456666	1840.0	23.0
184000	Q = -3	3	0.1	0.00021505376344086021	0.0002150537634408602	1840.0	23.0
185000	Q = +1	3	202.4	0.43526881720430105	0.005718615247363196	1850.0	23.125
185000	Q = +3	3	5.1	0.010967741935483872	0.00218491048804705	1850.0	23.125
185000	Q = -1	3	257.4	0.5535483870967741	0.004581088260550668	1850.0	23.125
185000	Q = -3	3	0.1	0.00021505376344086021	0.0002150537634408602	1850.0	23.125
186000	Q = +1	3	199.8	0.4296774193548387	0.0051573063078437075	1860.0	23.25
186000	Q = +3	3	4.4	0.009462365591397851	0.0012903225806451613	1860.0	23.25
186000	Q = -1	3	260.7	0.5606451612903227	0.004668312589294606	1860.0	23.25
186000	Q = -3	3	0.1	0.00021505376344086021	0.0002150537634408602	1860.0	23.25
187000	Q = +1	3	200.1	0.4303225806451613	0.004617400119050294	1870.0	23.375
187000	Q = +3	3	5.0	0.010752688172043013	0.00128233289032246	1870.0	23.375
187000	Q = -1	3	259.7	0.5584946236559141	0.004253621132371838	1870.0	23.375
187000	Q = -3	3	0.2	0.00043010752688172043	0.0004301075268817204	1870.0	23.375
188000	Q = +1	3	199.9	0.4298924731182796	0.004661703365702966	1880.0	23.5
188000	Q = +3	3	4.8	0.010322580645161292	0.0014620844483420172	1880.0	23.5
188000	Q = -1	3	260.0	0.5591397849462365	0.00413042588986034	1880.0	23.5
188000	Q = -3	3	0.3	0.0006451612903225806	0.00045900532167977414	1880.0	23.5
189000	Q = +1	3	202.8	0.4361290322580645	0.004880872983670018	1890.0	23.625
189000	Q = +3	3	3.8	0.008172043010752689	0.0016596181939484192	1890.0	23.625
189000	Q = -1	3	258.2	0.5552688172043011	0.004485874651515985	1890.0	23.625
189000	Q = -3	3	0.2	0.00043010752688172043	0.00028673835125448034	1890.0	23.625
190000	Q = +1	3	200.6	0.4313978494623655	0.004800191840224577	1900.0	23.75
190000	Q = +3	3	5.2	0.011182795698924731	0.0019181488401805954	1900.0	23.75
190000	Q = -1	3	259.0	0.5569892473118279	0.0035409574294562006	1900.0	23.75
190000	Q = -3	3	0.2	0.00043010752688172043	0.00028673835125448034	1900.0	23.75
191000	Q = +1	3	205.8	0.4425806451612903	0.00420196441283236	1910.0	23.875
191000	Q = +3	3	4.4	0.009462365591397851	0.0012903225806451613	1910.0	23.875
191000	Q = -1	3	254.6	0.5475268817204302	0.0031929831471426764	1910.0	23.875
191000	Q = -3	3	0.2	0.00043010752688172043	0.00028673835125448034	1910.0	23.875
192000	Q = +1	3	203.1	0.43677419354838704	0.0037992831541218647	1920.0	24.0
192000	Q = +3	3	4.4	0.009462365591397851	0.0016093150050640608	1920.0	24.0
192000	Q = -1	3	257.3	0.5533333333333335	0.003438619341996107	1920.0	24.0
192000	Q = -3	3	0.2	0.00043010752688172043	0.00028673835125448034	1920.0	24.0
193000	Q = +1	3	201.7	0.43376344086021507	0.003008191434889933	1930.0	24.125
193000	Q = +3	3	3.7	0.007956989247311828	0.000964417494413886	1930.0	24.125
193000	Q = -1	3	259.3	0.5576344086021505	0.0025856184655012808	1930.0	24.125
193000	Q = -3	3	0.3	0.0006451612903225806	0.00032850004981762286	1930.0	24.125
194000	Q = +1	3	200.9	0.43204301075268814	0.004209905909684879	1940.0	24.25
194000	Q = +3	3	4.5	0.00967741935483871	0.0015121880365397125	1940.0	24.25
194000	Q = -1	3	259.3	0.5576344086021505	0.002973830611138573	1940.0	24.25
194000	Q = -3	3	0.3	0.0006451612903225806	0.00032850004981762286	1940.0	24.25
195000	Q = +1	3	202.1	0.4346236559139785	0.004661703365702968	1950.0	24.375
195000	Q = +3	3	4.2	0.00903225806451613	0.0014265052861743655	1950.0	24.375
195000	Q = -1	3	258.5	0.5559139784946237	0.004070902040000214	1950.0	24.375
195000	Q = -3	3	0.2	0.00043010752688172043	0.00028673835125448034	1950.0	24.375
196000	Q = +1	3	203.1	0.4367741935483872	0.004628515686697608	1960.0	24.5
196000	Q = +3	3	3.3	0.0070967741935483875	0.0013620071684587814	1960.0	24.5
196000	Q = -1	3	258.5	0.5559139784946237	0.00498967987248598	1960.0	24.5
196000	Q = -3	3	0.1	0.00021505376344086021	0.0002150537634408602	1960.0	24.5
197000	Q = +1	3	200.9	0.43204301075268814	0.004389181222893657	1970.0	24.625
197000	Q = +3	3	3.7	0.00795698924731183	0.000964417494413886	1970.0	24.625
197000	Q = -1	3	260.2	0.5595698924731184	0.004632399834094202	1970.0	24.625
197000	Q = -3	3	0.2	0.00043010752688172043	0.00028673835125448034	1970.0	24.625
198000	Q = +1	3	204.7	0.4402150537634409	0.005744167921882622	1980.0	24.75
198000	Q = +3	3	3.6	0.00774193548387097	0.0012498634963557485	1980.0	24.75
198000	Q = -1	3	256.5	0.5516129032258064	0.006118438097023848	1980.0	24.75
198000	Q = -3	3	0.2	0.00043010752688172043	0.00028673835125448034	1980.0	24.75
199000	Q = +1	3	202.2	0.4348387096774194	0.0032504040283167428	1990.0	24.875
199000	Q = +3	3	3.4	0.007311827956989248	0.0012498634963557485	1990.0	24.875
199000	Q = -1	3	259.2	0.5574193548387096	0.003071582119803382	1990.0	24.875
199000	Q = -3	3	0.2	0.00043010752688172043	0.00028673835125448034	1990.0	24.875
200000	Q = +1	3	200.7	0.4316129032258065	0.004106094191145435	2000.0	25.0
200000	Q = +3	3	3.4	0.007311827956989248	0.0009180106433595484	2000.0	25.0
200000	Q = -1	3	260.8	0.5608602150537634	0.003910589733902753	2000.0	25.0
200000	Q = -3	3	0.1	0.00021505376344086021	0.0002150537634408602	2000.0	25.0
201000	Q = +1	3	199.0	0.4279569892473119	0.005189092780173148	2010.0	25.0
201000	Q = +3	3	3.2	0.006881720430107529	0.001003584229390681	2010.0	25.0
201000	Q = -1	3	262.5	0.5645161290322581	0.004790011146175796	2010.0	25.0
201000	Q = -3	3	0.3	0.0006451612903225806	0.00032850004981762286	2010.0	25.0
202000	Q = +1	3	201.2	0.4326881720430108	0.003624150440075849	2020.0	25.0
202000	Q = +3	3	3.1	0.006666666666666668	0.0006762710488929464	2020.0	25.0
202000	Q = -1	3	260.2	0.5595698924731183	0.0032345560351766307	2020.0	25.0
202000	Q = -3	3	0.5	0.001075268817204301	0.0003584229390681003	2020.0	25.0
203000	Q = +1	3	197.9	0.4255913978494624	0.006111715460084224	2030.0	25.0
203000	Q = +3	3	3.4	0.007311827956989247	0.0009723770585125832	2030.0	25.0
203000	Q = -1	3	263.5	0.5666666666666667	0.005664896946273924	2030.0	25.0
203000	Q = -3	3	0.2	0.00043010752688172043	0.00028673835125448034	2030.0	25.0
204000	Q = +1	3	200.7	0.4316129032258064	0.004488737549664022	2040.0	25.0
204000	Q = +3	3	3.9	0.00838709677419355	0.0011311637159899285	2040.0	25.0
204000	Q = -1	3	260.2	0.5595698924731182	0.004393276973776211	2040.0	25.0
204000	Q = -3	3	0.2	0.00043010752688172043	0.00028673835125448034	2040.0	25.0
205000	Q = +1	3	202.6	0.4356989247311828	0.004291506680170828	2050.0	25.0
205000	Q = +3	3	3.0	0.006451612903225807	0.0015036685995270989	2050.0	25.0
205000	Q = -1	3	259.1	0.5572043010752689	0.0045274932400395955	2050.0	25.0
205000	Q = -3	3	0.3	0.0006451612903225806	0.00032850004981762286	2050.0	25.0
206000	Q = +1	3	204.6	0.44	0.0045473122658505226	2060.0	25.0
206000	Q = +3	3	2.4	0.005161290322580646	0.0012498634963557485	2060.0	25.0
206000	Q = -1	3	257.9	0.5546236559139786	0.004950390443188401	2060.0	25.0
206000	Q = -3	3	0.1	0.00021505376344086021	0.0002150537634408602	2060.0	25.0
207000	Q = +1	3	204.1	0.4389247311827957	0.005556827233342935	2070.0	25.0
207000	Q = +3	3	3.3	0.0070967741935483875	0.0012016526605190113	2070.0	25.0
207000	Q = -1	3	257.5	0.5537634408602151	0.005628495625076307	2070.0	25.0
207000	Q = -3	3	0.1	0.00021505376344086021	0.0002150537634408602	2070.0	25.0
208000	Q = +1	3	203.0	0.4365591397849463	0.003205832225806147	2080.0	25.0
208000	Q = +3	3	3.2	0.006881720430107529	0.0007720666390156995	2080.0	25.0
208000	Q = -1	3	258.7	0.5563440860215054	0.003332369691518125	2080.0	25.0
208000	Q = -3	3	0.1	0.00021505376344086021	0.0002150537634408602	2080.0	25.0
209000	Q = +1	3	203.8	0.4382795698924731	0.003722080282651517	2090.0	25.0
209000	Q = +3	3	3.3	0.0070967741935483875	0.0015053763440860215	2090.0	25.0
209000	Q = -1	3	257.6	0.5539784946236559	0.0033192363878968376	2090.0	25.0
209000	Q = -3	3	0.3	0.0006451612903225806	0.00045900532167977414	2090.0	25.0
210000	Q = +1	3	200.2	0.43053763440860215	0.0046655598839492355	2100.0	25.0
210000	Q = +3	3	3.9	0.00838709677419355	0.001218637992831541	2100.0	25.0
210000	Q = -1	3	260.6	0.5604301075268817	0.004702858628489385	2100.0	25.0
210000	Q = -3	3	0.3	0.0006451612903225806	0.00032850004981762286	2100.0	25.0
211000	Q = +1	3	201.7	0.43376344086021507	0.003913873460851241	2110.0	25.0
211000	Q = +3	3	3.0	0.006451612903225807	0.001013773162991466	2110.0	25.0
211000	Q = -1	3	260.2	0.5595698924731183	0.003538053814839569	2110.0	25.0
211000	Q = -3	3	0.1	0.00021505376344086021	0.0002150537634408602	2110.0	25.0
212000	Q = +1	3	201.6	0.43354838709677423	0.003615633035962293	2120.0	25.0
212000	Q = +3	3	3.2	0.006881720430107528	0.0011909138154721256	2120.0	25.0
212000	Q = -1	3	260.2	0.5595698924731182	0.0033592471724329747	2120.0	25.0
213000	Q = +1	3	201.9	0.4341935483870968	0.0048560686894451475	2130.0	25.0
213000	Q = +3	3	3.9	0.00838709677419355	0.0013391786159332904	2130.0	25.0
213000	Q = -1	3	259.2	0.5574193548387096	0.004922805652584779	2130.0	25.0
214000	Q = +1	3	203.8	0.4382795698924731	0.004334398984324296	2140.0	25.0
214000	Q = +3	3	3.8	0.00817204301075269	0.000951003524116244	2140.0	25.0
214000	Q = -1	3	257.4	0.5535483870967742	0.004107970976887283	2140.0	25.0
215000	Q = +1	3	201.9	0.4341935483870968	0.0039191217011717945	2150.0	25.0
215000	Q = +3	3	3.9	0.00838709677419355	0.000985500149452869	2150.0	25.0
215000	Q = -1	3	259.1	0.5572043010752687	0.0037447907918592006	2150.0	25.0
215000	Q = -3	3	0.1	0.00021505376344086021	0.0002150537634408602	2150.0	25.0
216000	Q = +1	3	201.4	0.4331182795698924	0.0056189012020832815	2160.0	25.0
216000	Q = +3	3	3.3	0.0070967741935483875	0.000964417494413886	2160.0	25.0
216000	Q = -1	3	260.2	0.5595698924731184	0.005732974630288804	2160.0	25.0
216000	Q = -3	3	0.1	0.00021505376344086021	0.0002150537634408602	2160.0	25.0
217000	Q = +1	3	200.8	0.4318279569892473	0.005513658644596251	2170.0	25.0
217000	Q = +3	3	3.6	0.00774193548387097	0.0005734767025089607	2170.0	25.0
217000	Q = -1	3	260.5	0.5602150537634407	0.0055734478903011345	2170.0	25.0
217000	Q = -3	3	0.1	0.00021505376344086021	0.0002150537634408602	2170.0	25.0
218000	Q = +1	3	203.0	0.4365591397849462	0.004733354557482207	2180.0	25.0
218000	Q = +3	3	4.3	0.009247311827956992	0.0016362311412922337	2180.0	25.0
218000	Q = -1	3	257.7	0.5541935483870968	0.0037117113881002463	2180.0	25.0
219000	Q = +1	3	204.0	0.4387096774193548	0.003626985129942229	2190.0	25.0
219000	Q = +3	3	3.3	0.0070967741935483875	0.0009095754509282813	2190.0	25.0
219000	Q = -1	3	257.7	0.5541935483870967	0.0031744214803562016	2190.0	25.0
220000	Q = +1	3	205.0	0.4408602150537635	0.004105468405240534	2200.0	25.0
220000	Q = +3	3	3.1	0.006666666666666668	0.0014497310692585439	2200.0	25.0
220000	Q = -1	3	256.9	0.5524731182795699	0.0034146251939253204	2200.0	25.0
221000	Q = +1	3	207.0	0.4451612903225807	0.003124658740889373	2210.0	25.0
221000	Q = +3	3	2.4	0.005161290322580646	0.0007310422241710086	2210.0	25.0
221000	Q = -1	3	255.6	0.5496774193548387	0.0028530105723487253	2210.0	25.0
222000	Q = +1	3	202.8	0.4361290322580645	0.0034646726806005943	2220.0	25.0
222000	Q = +3	3	3.4	0.007311827956989248	0.0010728766700427073	2220.0	25.0
222000	Q = -1	3	258.8	0.5565591397849461	0.003374509618907473	2220.0	25.0
223000	Q = +1	3	201.3	0.4329032258064515	0.0037666823384715858	2230.0	25.0
223000	Q = +3	3	3.0	0.006451612903225807	0.0013601194237283349	2230.0	25.0
223000	Q = -1	3	260.6	0.5604301075268818	0.002588597861687127	2230.0	25.0
223000	Q = -3	3	0.1	0.00021505376344086021	0.0002150537634408602	2230.0	25.0
224000	Q = +1	3	202.0	0.4344086021505376	0.0036552111208550454	2240.0	25.0
224000	Q = +3	3	2.8	0.006021505376344087	0.0012333082820132795	2240.0	25.0
224000	Q = -1	3	260.1	0.5593548387096774	0.003717245064505853	2240.0	25.0
224000	Q = -3	3	0.1	0.00021505376344086021	0.0002150537634408602	2240.0	25.0
225000	Q = +1	3	199.9	0.4298924731182796	0.0037310433490102156	2250.0	25.0
225000	Q = +3	3	2.9	0.0062365591397849475	0.001036332064143438	2250.0	25.0
225000	Q = -1	3	262.0	0.5634408602150537	0.004004083166672097	2250.0	25.0
225000	Q = -3	3	0.2	0.00043010752688172043	0.00028673835125448034	2250.0	25.0
226000	Q = +1	3	203.1	0.4367741935483872	0.0038262383211706157	2260.0	25.0
226000	Q = +3	3	2.8	0.006021505376344087	0.0010535439753906145	2260.0	25.0
226000	Q = -1	3	259.0	0.5569892473118279	0.0037386106983240976	2260.0	25.0
226000	Q = -3	3	0.1	0.00021505376344086021	0.0002150537634408602	2260.0	25.0
227000	Q = +1	3	203.5	0.4376344086021505	0.004637388957601685	2270.0	25.0
227000	Q = +3	3	2.6	0.005591397849462367	0.0013295510387807462	2270.0	25.0
227000	Q = -1	3	258.9	0.5567741935483871	0.004650667120661955	2270.0	25.0
228000	Q = +1	3	203.0	0.4365591397849462	0.004567607834286448	2280.0	25.0
228000	Q = +3	3	3.1	0.006666666666666668	0.0013002406557144845	2280.0	25.0
228000	Q = -1	3	258.9	0.5567741935483872	0.004136020569677894	2280.0	25.0
229000	Q = +1	3	203.1	0.43677419354838704	0.004123577639647211	2290.0	25.0
229000	Q = +3	3	2.9	0.0062365591397849475	0.0007484090687391076	2290.0	25.0
229000	Q = -1	3	259.0	0.556989247311828	0.0041428482514121465	2290.0	25.0
230000	Q = +1	3	203.0	0.4365591397849462	0.005779396235339464	2300.0	25.0
230000	Q = +3	3	2.6	0.005591397849462367	0.0011647366888366967	2300.0	25.0
230000	Q = -1	3	259.4	0.5578494623655913	0.005451800241385397	2300.0	25.0
231000	Q = +1	3	204.2	0.4391397849462365	0.003830935975881692	2310.0	25.0
231000	Q = +3	3	3.4	0.007311827956989248	0.0011197490574776565	2310.0	25.0
231000	Q = -1	3	257.3	0.5533333333333332	0.003254353967832585	2310.0	25.0
231000	Q = -3	3	0.1	0.00021505376344086021	0.0002150537634408602	2310.0	25.0
232000	Q = +1	3	205.0	0.4408602150537634	0.002938193768017087	2320.0	25.0
232000	Q = +3	3	2.6	0.005591397849462367	0.0007982457867856662	2320.0	25.0
232000	Q = -1	3	257.4	0.5535483870967741	0.0027428138307826412	2320.0	25.0
233000	Q = +1	3	204.3	0.4393548387096774	0.0032226188950521912	2330.0	25.0
233000	Q = +3	3	2.8	0.006021505376344087	0.0008953402148241432	2330.0	25.0
233000	Q = -1	3	257.9	0.5546236559139784	0.0032920322589835216	2330.0	25.0
234000	Q = +1	3	205.1	0.4410752688172043	0.003459477709537971	2340.0	25.0
234000	Q = +3	3	2.2	0.004731182795698926	0.000895340214824143	2340.0	25.0
234000	Q = -1	3	257.7	0.5541935483870968	0.002814019559339145	2340.0	25.0
235000	Q = +1	3	205.7	0.44236559139784937	0.004488737549664024	2350.0	25.0
235000	Q = +3	3	2.3	0.004946236559139785	0.0009095754509282811	2350.0	25.0
235000	Q = -1	3	257.0	0.5526881720430108	0.004105468405240529	2350.0	25.0
236000	Q = +1	3	201.8	0.4339784946236559	0.0030548065595215087	2360.0	25.0
236000	Q = +3	3	2.5	0.005376344086021507	0.0009750158070778096	2360.0	25.0
236000	Q = -1	3	260.6	0.5604301075268816	0.0026083735338581003	2360.0	25.0
236000	Q = -3	3	0.1	0.00021505376344086021	0.0002150537634408602	2360.0	25.0
237000	Q = +1	3	201.4	0.4331182795698926	0.0037959002996053657	2370.0	25.0
237000	Q = +3	3	3.2	0.006881720430107529	0.0011012395337446034	2370.0	25.0
237000	Q = -1	3	260.2	0.5595698924731183	0.0032504040283167497	2370.0	25.0
237000	Q = -3	3	0.2	0.00043010752688172043	0.00028673835125448034	2370.0	25.0
238000	Q = +1	3	203.6	0.43784946236559136	0.0037959002996053688	2380.0	25.0
238000	Q = +3	3	2.7	0.005806451612903227	0.0012843349725569118	2380.0	25.0
238000	Q = -1	3	258.5	0.5559139784946237	0.003783017864360932	2380.0	25.0
238000	Q = -3	3	0.2	0.00043010752688172043	0.00028673835125448034	2380.0	25.0
239000	Q = +1	3	202.4	0.43526881720430105	0.003713787483007493	2390.0	25.0
239000	Q = +3	3	3.1	0.006666666666666668	0.0012601000595875947	2390.0	25.0
239000	Q = -1	3	259.4	0.5578494623655914	0.003225009857835704	2390.0	25.0
239000	Q = -3	3	0.1	0.00021505376344086021	0.0002150537634408602	2390.0	25.0
240000	Q = +1	3	203.5	0.4376344086021505	0.004121084545320368	2400.0	25.0
240000	Q = +3	3	2.7	0.005806451612903227	0.0010656680105604664	2400.0	25.0
240000	Q = -1	3	258.8	0.5565591397849462	0.004177434346762286	2400.0	25.0
241000	Q = +1	3	204.7	0.4402150537634409	0.0033013846421991256	2410.0	25.0
241000	Q = +3	3	2.3	0.004946236559139785	0.0009095754509282811	2410.0	25.0
241000	Q = -1	3	257.9	0.5546236559139784	0.0031156005465377452	2410.0	25.0
241000	Q = -3	3	0.1	0.00021505376344086021	0.0002150537634408602	2410.0	25.0
242000	Q = +1	3	206.4	0.44387096774193546	0.003380595303957445	2420.0	25.0
242000	Q = +3	3	1.9	0.004086021505376345	0.0006762710488929464	2420.0	25.0
242000	Q = -1	3	256.7	0.5520430107526881	0.003378314456759326	2420.0	25.0
243000	Q = +1	3	205.8	0.4425806451612903	0.006038549014667436	2430.0	25.0
243000	Q = +3	3	2.3	0.004946236559139785	0.0016045182283583794	2430.0	25.0
243000	Q = -1	3	256.8	0.552258064516129	0.005419658257042524	2430.0	25.0
243000	Q = -3	3	0.1	0.00021505376344086021	0.0002150537634408602	2430.0	25.0
244000	Q = +1	3	205.7	0.44236559139784937	0.002663928914130755	2440.0	25.0
244000	Q = +3	3	3.1	0.006666666666666665	0.0012601000595875947	2440.0	25.0
244000	Q = -1	3	256.1	0.5507526881720429	0.002839469866715183	2440.0	25.0
244000	Q = -3	3	0.1	0.00021505376344086021	0.0002150537634408602	2440.0	25.0
245000	Q = +1	3	204.2	0.4391397849462365	0.0035088855198624857	2450.0	25.0
245000	Q = +3	3	2.7	0.005806451612903225	0.0010163044357532492	2450.0	25.0
245000	Q = -1	3	258.0	0.5548387096774194	0.0031736119886994537	2450.0	25.0
245000	Q = -3	3	0.1	0.00021505376344086021	0.0002150537634408602	2450.0	25.0
246000	Q = +1	3	202.8	0.4361290322580645	0.0026591020775614885	2460.0	25.0
246000	Q = +3	3	3.1	0.006666666666666665	0.001218637992831541	2460.0	25.0
246000	Q = -1	3	259.1	0.5572043010752687	0.002839469866715173	2460.0	25.0
247000	Q = +1	3	198.5	0.4268817204301076	0.005772723849545017	2470.0	25.0
247000	Q = +3	3	2.7	0.005806451612903227	0.0013620071684587814	2470.0	25.0
247000	Q = -1	3	263.8	0.5673118279569892	0.004880872983670024	2470.0	25.0
248000	Q = +1	3	202.9	0.4363440860215054	0.005906479442326744	2480.0	25.0
248000	Q = +3	3	2.4	0.005161290322580646	0.0011647366888366967	2480.0	25.0
248000	Q = -1	3	259.6	0.5582795698924732	0.0053085329266160846	2480.0	25.0
248000	Q = -3	3	0.1	0.00021505376344086021	0.0002150537634408602	2480.0	25.0
249000	Q = +1	3	203.3	0.4372043010752688	0.003332369691518125	2490.0	25.0
249000	Q = +3	3	2.6	0.005591397849462367	0.0007982457867856662	2490.0	25.0
249000	Q = -1	3	259.0	0.556989247311828	0.0030581690333622213	2490.0	25.0
249000	Q = -3	3	0.1	0.00021505376344086021	0.0002150537634408602	2490.0	25.0
250000	Q = +1	3	204.6	0.4400000000000001	0.005200962622857937	2500.0	25.0
250000	Q = +3	3	3.5	0.00752688172043011	0.0017039232005741525	2500.0	25.0
250000	Q = -1	3	256.9	0.5524731182795699	0.00434209827122805	2500.0	25.0
