frame	type	coordination	number	fraction	err	time	mT
0	Q = +2	4	55.0	0.2444444444444445	0.01361029224042175	0.0	0.0
0	Q = +4	4	14.7	0.06533333333333333	0.005927777488516311	0.0	0.0
0	Q = -2	4	59.9	0.26622222222222225	0.010316260953216996	0.0	0.0
0	Q = -4	4	13.2	0.058666666666666666	0.005806197908819384	0.0	0.0
0	Q = 0	4	82.2	0.3653333333333333	0.012302541921201005	0.0	0.0
1000	Q = +2	4	55.0	0.2444444444444445	0.01361029224042175	10.0	0.125
1000	Q = +4	4	14.7	0.06533333333333333	0.005927777488516311	10.0	0.125
1000	Q = -2	4	59.9	0.26622222222222225	0.010316260953216996	10.0	0.125
1000	Q = -4	4	13.2	0.058666666666666666	0.005806197908819384	10.0	0.125
1000	Q = 0	4	82.2	0.3653333333333333	0.012302541921201005	10.0	0.125
2000	Q = +2	4	55.0	0.2444444444444445	0.01361029224042175	20.0	0.25
2000	Q = +4	4	14.6	0.06488888888888887	0.006079491712202426	20.0	0.25
2000	Q = -2	4	59.7	0.2653333333333333	0.010307747429214193	20.0	0.25
2000	Q = -4	4	13.2	0.058666666666666666	0.005806197908819384	20.0	0.25
2000	Q = 0	4	82.5	0.36666666666666653	0.011365000541635951	20.0	0.25
3000	Q = +2	4	54.9	0.24400000000000005	0.013455408242559455	30.0	0.375
3000	Q = +4	4	14.7	0.06533333333333333	0.005964688041243671	30.0	0.375
3000	Q = -2	4	59.5	0.2644444444444444	0.010438926832564631	30.0	0.375
3000	Q = -4	4	13.3	0.0591111111111111	0.00566267106773819	30.0	0.375
3000	Q = 0	4	82.6	0.3671111111111111	0.01128651671392054	30.0	0.375
4000	Q = +2	4	54.7	0.2431111111111111	0.013135152680484659	40.0	0.5
4000	Q = +4	4	14.6	0.0648888888888889	0.006006854794878013	40.0	0.5
4000	Q = -2	4	59.6	0.2648888888888889	0.010458881537613506	40.0	0.5
4000	Q = -4	4	13.1	0.058222222222222224	0.006015982371628727	40.0	0.5
4000	Q = 0	4	83.0	0.3688888888888889	0.010621302713442915	40.0	0.5
5000	Q = +2	4	54.8	0.24355555555555555	0.013030301290249494	50.0	0.625
5000	Q = +4	4	14.5	0.06444444444444444	0.006153054713272647	50.0	0.625
5000	Q = -2	4	59.8	0.2657777777777778	0.010781277273280144	50.0	0.625
5000	Q = -4	4	13.0	0.057777777777777775	0.00585138300981674	50.0	0.625
5000	Q = 0	4	82.9	0.3684444444444444	0.010935902538643304	50.0	0.625
6000	Q = +2	4	54.8	0.24355555555555555	0.01296275132102362	60.0	0.75
6000	Q = +4	4	14.5	0.06444444444444444	0.006153054713272647	60.0	0.75
6000	Q = -2	4	59.3	0.26355555555555554	0.010350245022049521	60.0	0.75
6000	Q = -4	4	13.1	0.058222222222222224	0.005979388465366093	60.0	0.75
6000	Q = 0	4	83.3	0.37022222222222223	0.011027836085301591	60.0	0.75
7000	Q = +2	4	54.5	0.2422222222222222	0.012765694770084506	70.0	0.875
7000	Q = +4	4	14.7	0.06533333333333333	0.006110100926607786	70.0	0.875
7000	Q = -2	4	59.8	0.2657777777777778	0.010720031120074393	70.0	0.875
7000	Q = -4	4	13.0	0.057777777777777775	0.00585138300981674	70.0	0.875
7000	Q = 0	4	83.0	0.3688888888888888	0.012053834433664002	70.0	0.875
8000	Q = +2	4	54.9	0.244	0.0131083905945029	80.0	1.0
8000	Q = +4	4	14.6	0.0648888888888889	0.006006854794878013	80.0	1.0
8000	Q = -2	4	59.5	0.2644444444444444	0.011031815816966791	80.0	1.0
8000	Q = -4	4	13.1	0.058222222222222224	0.005716675964911033	80.0	1.0
8000	Q = 0	4	82.9	0.3684444444444445	0.012837701677564406	80.0	1.0
9000	Q = +2	4	54.9	0.24399999999999994	0.012296296296296298	90.0	1.125
9000	Q = +4	4	14.5	0.06444444444444444	0.006153054713272647	90.0	1.125
9000	Q = -2	4	59.8	0.2657777777777778	0.011200627064554549	90.0	1.125
9000	Q = -4	4	13.2	0.058666666666666666	0.00561401342859153	90.0	1.125
9000	Q = 0	4	82.6	0.3671111111111111	0.012184228263675314	90.0	1.125
10000	Q = +2	4	55.2	0.2453333333333333	0.012740740740740742	100.0	1.25
10000	Q = +4	4	14.2	0.06311111111111113	0.006136982274728289	100.0	1.25
10000	Q = -2	4	59.6	0.2648888888888889	0.011536546568255871	100.0	1.25
10000	Q = -4	4	13.0	0.057777777777777775	0.005660732792457126	100.0	1.25
10000	Q = 0	4	83.0	0.3688888888888889	0.013117596219957723	100.0	1.25
11000	Q = +2	4	55.4	0.2462222222222222	0.0128675856299902	110.0	1.375
11000	Q = +4	4	14.2	0.06311111111111113	0.005806197908819384	110.0	1.375
11000	Q = -2	4	59.1	0.26266666666666666	0.010835090075986098	110.0	1.375
11000	Q = -4	4	13.1	0.058222222222222224	0.00563936779575534	110.0	1.375
11000	Q = 0	4	83.2	0.3697777777777778	0.013509941469840586	110.0	1.375
12000	Q = +2	4	55.5	0.2466666666666667	0.012149051456930904	120.0	1.5
12000	Q = +4	4	14.4	0.064	0.00589622184952071	120.0	1.5
12000	Q = -2	4	59.3	0.2635555555555556	0.011047720407408684	120.0	1.5
12000	Q = -4	4	13.3	0.05911111111111113	0.005584615355546893	120.0	1.5
12000	Q = 0	4	82.5	0.3666666666666668	0.012610009741432093	120.0	1.5
13000	Q = +2	4	55.5	0.2466666666666667	0.011726185626847341	130.0	1.625
13000	Q = +4	4	14.4	0.064	0.00589622184952071	130.0	1.625
13000	Q = -2	4	59.4	0.264	0.010809740057454642	130.0	1.625
13000	Q = -4	4	13.0	0.057777777777777775	0.005699373055310028	130.0	1.625
13000	Q = 0	4	82.7	0.3675555555555555	0.012847955434532632	130.0	1.625
14000	Q = +2	4	54.9	0.244	0.01282059385855996	140.0	1.75
14000	Q = +4	4	14.5	0.06444444444444444	0.0060086814194587395	140.0	1.75
14000	Q = -2	4	59.2	0.26311111111111113	0.009822568565481941	140.0	1.75
14000	Q = -4	4	13.0	0.057777777777777775	0.005888772419067197	140.0	1.75
14000	Q = 0	4	83.4	0.37066666666666653	0.012850517595378629	140.0	1.75
15000	Q = +2	4	54.7	0.24311111111111106	0.012675976652226504	150.0	1.875
15000	Q = +4	4	14.5	0.06444444444444444	0.00574730807148765	150.0	1.875
15000	Q = -2	4	58.9	0.2617777777777778	0.009837081659872016	150.0	1.875
15000	Q = -4	4	12.9	0.057333333333333326	0.005716675964911033	150.0	1.875
15000	Q = 0	4	84.0	0.3733333333333334	0.013431735652317787	150.0	1.875
16000	Q = +2	4	54.4	0.2417777777777778	0.012556811911358276	160.0	2.0
16000	Q = +4	4	14.2	0.06311111111111113	0.00613698227472829	160.0	2.0
16000	Q = -2	4	59.0	0.26222222222222225	0.010134892667547895	160.0	2.0
16000	Q = -4	4	13.0	0.057777777777777775	0.005423112657103148	160.0	2.0
16000	Q = 0	4	84.4	0.3751111111111111	0.014228393722717596	160.0	2.0
17000	Q = +2	4	54.1	0.2404444444444444	0.01273471002835058	170.0	2.125
17000	Q = +4	4	14.4	0.06399999999999999	0.006115486649051938	170.0	2.125
17000	Q = -2	4	58.8	0.2613333333333333	0.008684059786520206	170.0	2.125
17000	Q = -4	4	13.1	0.058222222222222224	0.005600313532277274	170.0	2.125
17000	Q = 0	4	84.6	0.376	0.014397073319414925	170.0	2.125
18000	Q = +2	4	54.4	0.24177777777777776	0.01260913945537968	180.0	2.25
18000	Q = +4	4	14.3	0.06355555555555556	0.005927777488516311	180.0	2.25
18000	Q = -2	4	58.5	0.25999999999999995	0.009041893048691631	180.0	2.25
18000	Q = -4	4	13.1	0.058222222222222224	0.0054814814814814795	180.0	2.25
18000	Q = 0	4	84.7	0.3764444444444445	0.013850861521342343	180.0	2.25
19000	Q = +2	4	54.7	0.2431111111111111	0.011999999999999995	190.0	2.375
19000	Q = +4	4	14.2	0.06311111111111113	0.005843876421723264	190.0	2.375
19000	Q = -2	4	58.3	0.2591111111111111	0.009181600256205137	190.0	2.375
19000	Q = -4	4	13.2	0.058666666666666666	0.00573009766098184	190.0	2.375
19000	Q = 0	4	84.6	0.376	0.013837385989731105	190.0	2.375
20000	Q = +2	4	55.1	0.2448888888888889	0.012561180865914942	200.0	2.5
20000	Q = +4	4	14.1	0.06266666666666668	0.005942569220779727	200.0	2.5
20000	Q = -2	4	58.3	0.2591111111111111	0.008988332629402972	200.0	2.5
20000	Q = -4	4	13.0	0.057777777777777775	0.005775878130257164	200.0	2.5
20000	Q = 0	4	84.5	0.3755555555555557	0.01445868244143936	200.0	2.5
21000	Q = +2	4	54.5	0.24222222222222226	0.012094733518154559	210.0	2.625
21000	Q = +4	4	14.4	0.06400000000000003	0.006079491712202426	210.0	2.625
21000	Q = -2	4	57.9	0.25733333333333336	0.009119237568303636	210.0	2.625
21000	Q = -4	4	13.0	0.057777777777777775	0.00581375314676995	210.0	2.625
21000	Q = 0	4	85.2	0.3786666666666667	0.014767331311854353	210.0	2.625
22000	Q = +2	4	54.8	0.2435555555555556	0.012177020792909344	220.0	2.75
22000	Q = +4	4	14.2	0.06311111111111113	0.00595548184955312	220.0	2.75
22000	Q = -2	4	58.0	0.2577777777777778	0.00901150004488625	220.0	2.75
22000	Q = -4	4	13.0	0.057777777777777775	0.006072267120568651	220.0	2.75
22000	Q = 0	4	85.0	0.3777777777777779	0.014317581544710597	220.0	2.75
23000	Q = +2	4	54.4	0.2417777777777778	0.012148148148148151	230.0	2.875
23000	Q = +4	4	14.3	0.06355555555555556	0.006181524754081499	230.0	2.875
23000	Q = -2	4	57.8	0.2568888888888889	0.009151671236432887	230.0	2.875
23000	Q = -4	4	13.1	0.058222222222222224	0.006124452328472411	230.0	2.875
23000	Q = 0	4	85.4	0.3795555555555555	0.013837385989731098	230.0	2.875
24000	Q = +2	4	54.7	0.24311111111111114	0.01212735347600463	240.0	3.0
24000	Q = +4	4	14.1	0.06266666666666668	0.006124452328472411	240.0	3.0
24000	Q = -2	4	57.8	0.2568888888888889	0.008162949519381282	240.0	3.0
24000	Q = -4	4	12.9	0.057333333333333326	0.00637037037037037	240.0	3.0
24000	Q = 0	4	85.5	0.38	0.013205145108586284	240.0	3.0
25000	Q = +2	4	54.6	0.2426666666666667	0.01083002481925752	250.0	3.125
25000	Q = +4	4	14.1	0.06266666666666668	0.006160184558901271	250.0	3.125
25000	Q = -2	4	57.9	0.25733333333333336	0.00859897591758901	250.0	3.125
25000	Q = -4	4	13.0	0.057777777777777775	0.006036014455544699	250.0	3.125
25000	Q = 0	4	85.4	0.3795555555555555	0.012626533779355563	250.0	3.125
26000	Q = +2	4	55.1	0.2448888888888889	0.010995946378674671	260.0	3.25
26000	Q = +4	4	14.0	0.06222222222222223	0.005925925925925926	260.0	3.25
26000	Q = -2	4	58.1	0.25822222222222224	0.009542626912703949	260.0	3.25
26000	Q = -4	4	12.8	0.056888888888888885	0.005691665988829199	260.0	3.25
26000	Q = 0	4	85.0	0.37777777777777777	0.013316862254366952	260.0	3.25
27000	Q = +2	4	54.7	0.2431111111111111	0.010826984527759091	270.0	3.375
27000	Q = +4	4	14.0	0.06222222222222223	0.006108304630544683	270.0	3.375
27000	Q = -2	4	58.2	0.25866666666666666	0.00975530526409145	270.0	3.375
27000	Q = -4	4	12.7	0.05644444444444445	0.005425135829214979	270.0	3.375
27000	Q = 0	4	85.4	0.3795555555555555	0.012764835098392898	270.0	3.375
28000	Q = +2	4	55.1	0.2448888888888889	0.010358723618615312	280.0	3.5
28000	Q = +4	4	14.0	0.06222222222222223	0.0063202160022819386	280.0	3.5
28000	Q = -2	4	58.0	0.2577777777777778	0.010327955589886443	280.0	3.5
28000	Q = -4	4	12.7	0.05644444444444445	0.005384527954188517	280.0	3.5
28000	Q = 0	4	85.2	0.37866666666666665	0.013047134137069032	280.0	3.5
29000	Q = +2	4	55.5	0.24666666666666665	0.010891660015237215	290.0	3.625
29000	Q = +4	4	14.0	0.06222222222222223	0.006354847582082138	290.0	3.625
29000	Q = -2	4	58.2	0.25866666666666666	0.009977753031397172	290.0	3.625
29000	Q = -4	4	12.5	0.05555555555555556	0.005433220983968073	290.0	3.625
29000	Q = 0	4	84.8	0.37688888888888894	0.013461116078933978	290.0	3.625
30000	Q = +2	4	56.0	0.2488888888888889	0.010621302713442918	300.0	3.75
30000	Q = +4	4	13.7	0.0608888888888889	0.006321952086919072	300.0	3.75
30000	Q = -2	4	58.7	0.2608888888888889	0.010179190154845558	300.0	3.75
30000	Q = -4	4	12.3	0.05466666666666666	0.005004250593793937	300.0	3.75
30000	Q = 0	4	84.3	0.3746666666666666	0.013135152680484659	300.0	3.75
31000	Q = +2	4	56.0	0.2488888888888889	0.009827036415867851	310.0	3.875
31000	Q = +4	4	13.7	0.0608888888888889	0.006145916596353049	310.0	3.875
31000	Q = -2	4	58.6	0.2604444444444444	0.011090350976126165	310.0	3.875
31000	Q = -4	4	12.3	0.05466666666666666	0.005004250593793937	310.0	3.875
31000	Q = 0	4	84.4	0.3751111111111111	0.0131042040814791	310.0	3.875
32000	Q = +2	4	57.0	0.2533333333333333	0.009011500044886251	320.0	4.0
32000	Q = +4	4	13.5	0.06	0.006893268221707757	320.0	4.0
32000	Q = -2	4	59.5	0.2644444444444445	0.011365000541635945	320.0	4.0
32000	Q = -4	4	12.2	0.05422222222222221	0.005123441915789802	320.0	4.0
32000	Q = 0	4	82.8	0.368	0.011995426654813134	320.0	4.0
33000	Q = +2	4	56.7	0.25199999999999995	0.010286432792201452	330.0	4.125
33000	Q = +4	4	13.5	0.06	0.0062941172699994075	330.0	4.125
33000	Q = -2	4	59.0	0.26222222222222225	0.010621302713442918	330.0	4.125
33000	Q = -4	4	12.3	0.05466666666666666	0.004825628881452542	330.0	4.125
33000	Q = 0	4	83.5	0.3711111111111111	0.011518458973288986	330.0	4.125
34000	Q = +2	4	55.9	0.2484444444444445	0.00972488499690448	340.0	4.25
34000	Q = +4	4	13.8	0.06133333333333334	0.006278405955679139	340.0	4.25
34000	Q = -2	4	59.0	0.26222222222222225	0.009393106657272506	340.0	4.25
34000	Q = -4	4	12.4	0.05511111111111111	0.004786813161897337	340.0	4.25
34000	Q = 0	4	83.9	0.37288888888888894	0.011617119952660944	340.0	4.25
35000	Q = +2	4	56.1	0.2493333333333333	0.009496515858096206	350.0	4.375
35000	Q = +4	4	13.6	0.06044444444444445	0.006697869366196926	350.0	4.375
35000	Q = -2	4	59.0	0.26222222222222225	0.009601097330974608	350.0	4.375
35000	Q = -4	4	12.2	0.054222222222222234	0.0047684376116832825	350.0	4.375
35000	Q = 0	4	84.1	0.3737777777777778	0.011388151135394143	350.0	4.375
36000	Q = +2	4	56.4	0.2506666666666667	0.009764300476020196	360.0	4.5
36000	Q = +4	4	13.4	0.05955555555555555	0.00666502037286044	360.0	4.5
36000	Q = -2	4	58.3	0.2591111111111111	0.01026507389707852	360.0	4.5
36000	Q = -4	4	12.2	0.054222222222222234	0.00462829610424098	360.0	4.5
36000	Q = 0	4	84.7	0.3764444444444445	0.010967966826002724	360.0	4.5
37000	Q = +2	4	55.7	0.2475555555555556	0.008665083742749486	370.0	4.625
37000	Q = +4	4	13.5	0.06	0.0062591496812674395	370.0	4.625
37000	Q = -2	4	58.1	0.25822222222222224	0.00961137871603472	370.0	4.625
37000	Q = -4	4	12.4	0.05511111111111111	0.004740740740740741	370.0	4.625
37000	Q = 0	4	85.3	0.3791111111111111	0.009961241762378809	370.0	4.625
38000	Q = +2	4	56.0	0.2488888888888889	0.007867210694726966	380.0	4.75
38000	Q = +4	4	13.5	0.06	0.006081296519044086	380.0	4.75
38000	Q = -2	4	58.8	0.2613333333333333	0.009664892699437093	380.0	4.75
38000	Q = -4	4	12.2	0.054222222222222234	0.004580629580367497	380.0	4.75
38000	Q = 0	4	84.5	0.3755555555555555	0.010118637817202479	380.0	4.75
39000	Q = +2	4	55.9	0.2484444444444444	0.009143273555087095	390.0	4.875
39000	Q = +4	4	13.6	0.060444444444444426	0.006151270960600502	390.0	4.875
39000	Q = -2	4	59.0	0.2622222222222222	0.010004114379931334	390.0	4.875
39000	Q = -4	4	12.2	0.054222222222222234	0.004532461789860253	390.0	4.875
39000	Q = 0	4	84.3	0.3746666666666667	0.010005211262164769	390.0	4.875
40000	Q = +2	4	56.0	0.24888888888888885	0.009346257952940744	400.0	5.0
40000	Q = +4	4	13.3	0.0591111111111111	0.006356574208274056	400.0	5.0
40000	Q = -2	4	59.3	0.26355555555555554	0.009556416843182305	400.0	5.0
40000	Q = -4	4	12.1	0.05377777777777778	0.00446661138716484	400.0	5.0
40000	Q = 0	4	84.3	0.37466666666666665	0.010765998399421729	400.0	5.0
41000	Q = +2	4	56.1	0.2493333333333333	0.009679642206767187	410.0	5.125
41000	Q = +4	4	13.3	0.0591111111111111	0.006758219098048618	410.0	5.125
41000	Q = -2	4	59.2	0.26311111111111113	0.00919951093111705	410.0	5.125
41000	Q = -4	4	12.0	0.05333333333333333	0.004542136212372116	410.0	5.125
41000	Q = 0	4	84.4	0.3751111111111111	0.010769055908377038	410.0	5.125
42000	Q = +2	4	56.1	0.2493333333333333	0.008775824130145117	420.0	5.25
42000	Q = +4	4	13.3	0.0591111111111111	0.0067906172659945715	420.0	5.25
42000	Q = -2	4	58.8	0.2613333333333333	0.009458305007118438	420.0	5.25
42000	Q = -4	4	12.0	0.05333333333333333	0.004542136212372116	420.0	5.25
42000	Q = 0	4	84.8	0.3768888888888888	0.01088258825019672	420.0	5.25
43000	Q = +2	4	55.8	0.248	0.008908620076072833	430.0	5.375
43000	Q = +4	4	13.3	0.0591111111111111	0.0063910087733697754	430.0	5.375
43000	Q = -2	4	58.9	0.2617777777777778	0.009496515858096206	430.0	5.375
43000	Q = -4	4	11.8	0.05244444444444444	0.00516610245160376	430.0	5.375
43000	Q = 0	4	85.2	0.37866666666666665	0.011062610194130058	430.0	5.375
44000	Q = +2	4	55.6	0.24711111111111114	0.00856701173025242	440.0	5.5
44000	Q = +4	4	13.4	0.05955555555555555	0.006795463668847239	440.0	5.5
44000	Q = -2	4	59.2	0.26311111111111113	0.009504601441389888	440.0	5.5
44000	Q = -4	4	11.5	0.051111111111111114	0.0049246726336576755	440.0	5.5
44000	Q = 0	4	85.3	0.3791111111111111	0.010927871766465196	440.0	5.5
45000	Q = +2	4	55.6	0.2471111111111111	0.00886911380568638	450.0	5.625
45000	Q = +4	4	13.4	0.05955555555555555	0.0061512709606005005	450.0	5.625
45000	Q = -2	4	59.1	0.2626666666666667	0.010316260953216996	450.0	5.625
45000	Q = -4	4	11.6	0.05155555555555556	0.004786813161897336	450.0	5.625
45000	Q = 0	4	85.3	0.3791111111111112	0.012378130189809959	450.0	5.625
46000	Q = +2	4	56.2	0.2497777777777778	0.00907943907913752	460.0	5.75
46000	Q = +4	4	12.9	0.057333333333333326	0.006015982371628727	460.0	5.75
46000	Q = -2	4	58.8	0.2613333333333333	0.010554970744033705	460.0	5.75
46000	Q = -4	4	11.4	0.050666666666666665	0.005010825044529707	460.0	5.75
46000	Q = 0	4	85.7	0.3808888888888888	0.011283599421824959	460.0	5.75
47000	Q = +2	4	56.5	0.2511111111111111	0.008465211630910607	470.0	5.875
47000	Q = +4	4	12.6	0.056	0.005225242100310635	470.0	5.875
47000	Q = -2	4	58.9	0.2617777777777778	0.010526861584290677	470.0	5.875
47000	Q = -4	4	11.3	0.050222222222222224	0.0049157511179369045	470.0	5.875
47000	Q = 0	4	85.7	0.38088888888888894	0.011533692518015956	470.0	5.875
48000	Q = +2	4	56.3	0.25022222222222223	0.008939362869064051	480.0	6.0
48000	Q = +4	4	12.8	0.056888888888888885	0.0057300976609818395	480.0	6.0
48000	Q = -2	4	57.9	0.2573333333333333	0.008924619544787573	480.0	6.0
48000	Q = -4	4	11.4	0.050666666666666665	0.0051830683509736	480.0	6.0
48000	Q = 0	4	86.6	0.3848888888888889	0.010789417159130735	480.0	6.0
49000	Q = +2	4	56.1	0.2493333333333333	0.008850534537033387	490.0	6.125
49000	Q = +4	4	12.9	0.057333333333333326	0.005979388465366094	490.0	6.125
49000	Q = -2	4	58.1	0.25822222222222224	0.008522060455270904	490.0	6.125
49000	Q = -4	4	11.4	0.050666666666666665	0.0051830683509736	490.0	6.125
49000	Q = 0	4	86.5	0.3844444444444445	0.010226515469879896	490.0	6.125
50000	Q = +2	4	56.0	0.2488888888888889	0.00913246518958367	500.0	6.25
50000	Q = +4	4	12.7	0.056444444444444436	0.0055846153555468925	500.0	6.25
50000	Q = -2	4	58.1	0.25822222222222224	0.009309788055327391	500.0	6.25
50000	Q = -4	4	11.3	0.050222222222222224	0.005260823971722875	500.0	6.25
50000	Q = 0	4	86.9	0.38622222222222224	0.010187811109306187	500.0	6.25
51000	Q = +2	4	56.2	0.2497777777777778	0.009619367751554326	510.0	6.375
51000	Q = +4	4	12.1	0.05377777777777778	0.005277485372016852	510.0	6.375
51000	Q = -2	4	58.7	0.2608888888888889	0.00967056824910672	510.0	6.375
51000	Q = -4	4	11.2	0.04977777777777778	0.005535271612524267	510.0	6.375
51000	Q = 0	4	86.8	0.3857777777777778	0.011642597158156149	510.0	6.375
52000	Q = +2	4	56.4	0.2506666666666667	0.010008501187587874	520.0	6.5
52000	Q = +4	4	12.2	0.05422222222222221	0.00541501240962876	520.0	6.5
52000	Q = -2	4	58.0	0.2577777777777778	0.010004114379931338	520.0	6.5
52000	Q = -4	4	11.1	0.04933333333333333	0.005193643894209808	520.0	6.5
52000	Q = 0	4	87.3	0.38799999999999996	0.011264131499419471	520.0	6.5
53000	Q = +2	4	56.7	0.2520000000000001	0.009939184069759709	530.0	6.625
53000	Q = +4	4	12.3	0.05466666666666666	0.005739665371203115	530.0	6.625
53000	Q = -2	4	58.5	0.25999999999999995	0.010183501544346309	530.0	6.625
53000	Q = -4	4	10.8	0.048	0.004993273939660064	530.0	6.625
53000	Q = 0	4	86.7	0.3853333333333333	0.010222222222222228	530.0	6.625
54000	Q = +2	4	57.4	0.2551111111111112	0.00955986121771951	540.0	6.75
54000	Q = +4	4	12.0	0.05333333333333333	0.005341557445131835	540.0	6.75
54000	Q = -2	4	58.3	0.2591111111111111	0.01056016793315362	540.0	6.75
54000	Q = -4	4	10.8	0.048	0.005037037037037036	540.0	6.75
54000	Q = 0	4	86.5	0.3844444444444445	0.011518458973288988	540.0	6.75
55000	Q = +2	4	57.9	0.2573333333333333	0.00997005117534295	550.0	6.875
55000	Q = +4	4	11.7	0.052000000000000005	0.005260823971722875	550.0	6.875
55000	Q = -2	4	58.3	0.2591111111111111	0.010027123709047537	550.0	6.875
55000	Q = -4	4	10.6	0.04711111111111111	0.004922443770618118	550.0	6.875
55000	Q = 0	4	86.5	0.3844444444444445	0.0112094414447567	550.0	6.875
56000	Q = +2	4	57.3	0.2546666666666667	0.010392568833952938	560.0	7.0
56000	Q = +4	4	11.8	0.05244444444444444	0.004859620582772364	560.0	7.0
56000	Q = -2	4	58.0	0.2577777777777778	0.009938079899999066	560.0	7.0
56000	Q = -4	4	10.3	0.04577777777777777	0.004825628881452542	560.0	7.0
56000	Q = 0	4	87.6	0.3893333333333333	0.01078941715913074	560.0	7.0
57000	Q = +2	4	57.4	0.2551111111111111	0.010458881537613506	570.0	7.125
57000	Q = +4	4	11.4	0.050666666666666665	0.0053906386366400745	570.0	7.125
57000	Q = -2	4	57.5	0.2555555555555556	0.010522690878269484	570.0	7.125
57000	Q = -4	4	10.2	0.04533333333333333	0.00467547669275837	570.0	7.125
57000	Q = 0	4	88.5	0.39333333333333337	0.011763560018432777	570.0	7.125
58000	Q = +2	4	57.4	0.2551111111111111	0.009898247756142259	580.0	7.25
58000	Q = +4	4	11.4	0.050666666666666665	0.005471462314850188	580.0	7.25
58000	Q = -2	4	57.7	0.2564444444444445	0.010048988374584664	580.0	7.25
58000	Q = -4	4	10.0	0.04444444444444444	0.004684855792842044	580.0	7.25
58000	Q = 0	4	88.5	0.3933333333333333	0.012953435652324156	580.0	7.25
59000	Q = +2	4	57.0	0.2533333333333333	0.010846225314206296	590.0	7.375
59000	Q = +4	4	11.5	0.051111111111111114	0.005513420463978783	590.0	7.375
59000	Q = -2	4	57.1	0.25377777777777777	0.00990378957828638	590.0	7.375
59000	Q = -4	4	10.0	0.04444444444444444	0.004913518207933926	590.0	7.375
59000	Q = 0	4	89.4	0.3973333333333333	0.012643904173838144	590.0	7.375
60000	Q = +2	4	56.9	0.2528888888888889	0.009380246588608431	600.0	7.5
60000	Q = +4	4	11.4	0.050666666666666665	0.0057070697138542886	600.0	7.5
60000	Q = -2	4	57.2	0.25422222222222224	0.009710204212251224	600.0	7.5
60000	Q = -4	4	9.9	0.044000000000000004	0.005065280295490002	600.0	7.5
60000	Q = 0	4	89.6	0.3982222222222223	0.013204314047500556	600.0	7.5
61000	Q = +2	4	57.2	0.25422222222222224	0.009844887541236236	610.0	7.625
61000	Q = +4	4	11.9	0.05288888888888889	0.0054008077432765	610.0	7.625
61000	Q = -2	4	56.6	0.25155555555555553	0.008967553155805372	610.0	7.625
61000	Q = -4	4	10.1	0.04488888888888888	0.00523573245839179	610.0	7.625
61000	Q = 0	4	89.2	0.3964444444444445	0.01244444444444444	610.0	7.625
62000	Q = +2	4	57.7	0.2564444444444445	0.009181600256205137	620.0	7.75
62000	Q = +4	4	10.9	0.048444444444444436	0.004752300720694944	620.0	7.75
62000	Q = -2	4	56.6	0.2515555555555556	0.009467582405138049	620.0	7.75
62000	Q = -4	4	9.9	0.044000000000000004	0.0050217633353120865	620.0	7.75
62000	Q = 0	4	89.9	0.3995555555555555	0.013340738684269896	620.0	7.75
63000	Q = +2	4	57.9	0.2573333333333333	0.008825701338433469	630.0	7.875
63000	Q = +4	4	11.0	0.048888888888888885	0.004637770619999564	630.0	7.875
63000	Q = -2	4	56.0	0.2488888888888889	0.008587482516260408	630.0	7.875
63000	Q = -4	4	9.7	0.04311111111111112	0.0053023793090883784	630.0	7.875
63000	Q = 0	4	90.4	0.4017777777777778	0.012057475525556027	630.0	7.875
64000	Q = +2	4	57.7	0.2564444444444445	0.009783387840651293	640.0	8.0
64000	Q = +4	4	10.4	0.04622222222222222	0.004040942725032846	640.0	8.0
64000	Q = -2	4	56.4	0.25066666666666665	0.008643527197519894	640.0	8.0
64000	Q = -4	4	9.8	0.04355555555555556	0.005080423170216964	640.0	8.0
64000	Q = 0	4	90.7	0.4031111111111112	0.011514647438117356	640.0	8.0
65000	Q = +2	4	58.7	0.2608888888888889	0.008790817006901805	650.0	8.125
65000	Q = +4	4	10.2	0.04533333333333334	0.004126929859906404	650.0	8.125
65000	Q = -2	4	55.6	0.2471111111111111	0.008719371241222023	650.0	8.125
65000	Q = -4	4	9.5	0.04222222222222222	0.005433220983968072	650.0	8.125
65000	Q = 0	4	91.0	0.4044444444444445	0.009960140037909102	650.0	8.125
66000	Q = +2	4	58.8	0.2613333333333333	0.010130560590980005	660.0	8.25
66000	Q = +4	4	9.7	0.04311111111111112	0.0036918328279635882	660.0	8.25
66000	Q = -2	4	55.1	0.2448888888888889	0.009191156959553248	660.0	8.25
66000	Q = -4	4	9.2	0.040888888888888884	0.004859620582772364	660.0	8.25
66000	Q = 0	4	92.2	0.4097777777777778	0.009687574947716628	660.0	8.25
67000	Q = +2	4	58.9	0.2617777777777778	0.00981474493336408	670.0	8.375
67000	Q = +4	4	9.0	0.04	0.003442651863295481	670.0	8.375
67000	Q = -2	4	55.8	0.248	0.009294451639323334	670.0	8.375
67000	Q = -4	4	9.0	0.04	0.004542136212372116	670.0	8.375
67000	Q = 0	4	92.3	0.4102222222222223	0.010200728880060449	670.0	8.375
68000	Q = +2	4	58.8	0.2613333333333333	0.010173798348675196	680.0	8.5
68000	Q = +4	4	8.7	0.03866666666666667	0.0034458380295149635	680.0	8.5
68000	Q = -2	4	55.7	0.24755555555555556	0.007408888740770366	680.0	8.5
68000	Q = -4	4	8.6	0.038222222222222234	0.004503313823280197	680.0	8.5
68000	Q = 0	4	93.2	0.4142222222222223	0.01042946127810254	680.0	8.5
69000	Q = +2	4	58.9	0.2617777777777778	0.010337514088544893	690.0	8.625
69000	Q = +4	4	8.6	0.03822222222222222	0.003700739554606457	690.0	8.625
69000	Q = -2	4	54.6	0.24266666666666664	0.0069234497455098794	690.0	8.625
69000	Q = -4	4	8.4	0.037333333333333336	0.004148148148148147	690.0	8.625
69000	Q = 0	4	94.5	0.42	0.01205838562674052	690.0	8.625
70000	Q = +2	4	59.3	0.26355555555555554	0.009894921173034988	700.0	8.75
70000	Q = +4	4	8.4	0.03733333333333333	0.0030505570788109627	700.0	8.75
70000	Q = -2	4	53.9	0.2395555555555556	0.0064047307618421605	700.0	8.75
70000	Q = -4	4	8.3	0.03688888888888889	0.004296296296296296	700.0	8.75
70000	Q = 0	4	95.1	0.4226666666666665	0.011897135711356355	700.0	8.75
71000	Q = +2	4	59.1	0.2626666666666667	0.012438270073216212	710.0	8.875
71000	Q = +4	4	8.0	0.03555555555555555	0.003442651863295481	710.0	8.875
71000	Q = -2	4	53.3	0.2368888888888889	0.005777777777777778	710.0	8.875
71000	Q = -4	4	8.3	0.03688888888888889	0.00468719763542411	710.0	8.875
71000	Q = 0	4	96.3	0.4280000000000001	0.012882075679009402	710.0	8.875
72000	Q = +2	4	58.8	0.2613333333333333	0.012104710053816591	720.0	9.0
72000	Q = +4	4	7.7	0.034222222222222216	0.0038088770762022047	720.0	9.0
72000	Q = -2	4	52.7	0.23422222222222225	0.006074074074074075	720.0	9.0
72000	Q = -4	4	8.3	0.03688888888888889	0.004779930608859757	720.0	9.0
72000	Q = 0	4	97.5	0.4333333333333334	0.010333266958501815	720.0	9.0
73000	Q = +2	4	58.7	0.2608888888888889	0.01160956041390522	730.0	9.125
73000	Q = +4	4	7.8	0.034666666666666665	0.003493281814089361	730.0	9.125
73000	Q = -2	4	51.6	0.2293333333333333	0.006665020372860436	730.0	9.125
73000	Q = -4	4	8.2	0.03644444444444444	0.004904576402147214	730.0	9.125
73000	Q = 0	4	98.7	0.4386666666666668	0.01066357980025369	730.0	9.125
74000	Q = +2	4	58.0	0.2577777777777778	0.010538322514831848	740.0	9.25
74000	Q = +4	4	7.5	0.03333333333333333	0.003583225665910465	740.0	9.25
74000	Q = -2	4	52.1	0.2315555555555556	0.0064729043777639935	740.0	9.25
74000	Q = -4	4	7.9	0.035111111111111114	0.004417200449148318	740.0	9.25
74000	Q = 0	4	99.5	0.44222222222222224	0.00935212687531059	740.0	9.25
75000	Q = +2	4	57.9	0.2573333333333333	0.010526861584290672	750.0	9.375
75000	Q = +4	4	7.4	0.032888888888888884	0.0030505570788109627	750.0	9.375
75000	Q = -2	4	51.7	0.22977777777777775	0.0070444405499073956	750.0	9.375
75000	Q = -4	4	7.6	0.033777777777777775	0.004599755465558525	750.0	9.375
75000	Q = 0	4	100.4	0.4462222222222222	0.009350953385516735	750.0	9.375
76000	Q = +2	4	58.2	0.2586666666666667	0.009365025558091324	760.0	9.5
76000	Q = +4	4	6.6	0.029333333333333333	0.0027477388134802077	760.0	9.5
76000	Q = -2	4	50.9	0.22622222222222224	0.00711882297880531	760.0	9.5
76000	Q = -4	4	7.6	0.03377777777777778	0.004877652632045726	760.0	9.5
76000	Q = 0	4	101.7	0.452	0.01076599839942172	760.0	9.5
77000	Q = +2	4	58.2	0.25866666666666666	0.009889374381202156	770.0	9.625
77000	Q = +4	4	6.4	0.02844444444444445	0.002903098954409692	770.0	9.625
77000	Q = -2	4	50.5	0.22444444444444445	0.00649997362029046	770.0	9.625
77000	Q = -4	4	7.6	0.033777777777777775	0.004877652632045726	770.0	9.625
77000	Q = 0	4	102.3	0.4546666666666666	0.010070805569989535	770.0	9.625
78000	Q = +2	4	57.6	0.256	0.00960566819404286	780.0	9.75
78000	Q = +4	4	6.1	0.027111111111111117	0.002996110876467657	780.0	9.75
78000	Q = -2	4	50.0	0.22222222222222224	0.006457628064504698	780.0	9.75
78000	Q = -4	4	6.9	0.03066666666666667	0.0049335780163990255	780.0	9.75
78000	Q = 0	4	104.4	0.464	0.010203955767539298	780.0	9.75
79000	Q = +2	4	57.3	0.2546666666666667	0.010243670467000018	790.0	9.875
79000	Q = +4	4	6.1	0.027111111111111117	0.0035338845753708327	790.0	9.875
79000	Q = -2	4	50.2	0.2231111111111111	0.007005386914095932	790.0	9.875
79000	Q = -4	4	6.6	0.029333333333333333	0.005010825044529707	790.0	9.875
79000	Q = 0	4	104.8	0.4657777777777778	0.008734461021027366	790.0	9.875
80000	Q = +2	4	57.7	0.2564444444444444	0.010867451813388626	800.0	10.0
80000	Q = +4	4	5.9	0.026222222222222227	0.0035954551405960283	800.0	10.0
80000	Q = -2	4	49.8	0.22133333333333333	0.006136982274728289	800.0	10.0
80000	Q = -4	4	6.2	0.027555555555555555	0.004768437611683282	800.0	10.0
80000	Q = 0	4	105.4	0.4684444444444444	0.009651257762905086	800.0	10.0
81000	Q = +2	4	57.9	0.2573333333333333	0.011673660455165576	810.0	10.125
81000	Q = +4	4	5.4	0.024	0.0024071224902625066	810.0	10.125
81000	Q = -2	4	48.6	0.21600000000000005	0.0074428780367884265	810.0	10.125
81000	Q = -4	4	6.4	0.02844444444444445	0.0051830683509736	810.0	10.125
81000	Q = 0	4	106.7	0.4742222222222223	0.009276724269305635	810.0	10.125
82000	Q = +2	4	57.2	0.25422222222222224	0.009527665298259871	820.0	10.25
82000	Q = +4	4	5.3	0.02355555555555556	0.0021003625005567147	820.0	10.25
82000	Q = -2	4	49.5	0.22000000000000006	0.006861354771501875	820.0	10.25
82000	Q = -4	4	5.6	0.02488888888888889	0.0043039523100248745	820.0	10.25
82000	Q = 0	4	107.4	0.4773333333333333	0.007141908618189006	820.0	10.25
83000	Q = +2	4	57.4	0.2551111111111111	0.0096966329907873	830.0	10.375
83000	Q = +4	4	5.1	0.02266666666666667	0.0019259259259259253	830.0	10.375
83000	Q = -2	4	49.4	0.2195555555555556	0.007172573888539382	830.0	10.375
83000	Q = -4	4	5.4	0.024	0.0041481481481481465	830.0	10.375
83000	Q = 0	4	107.7	0.4786666666666666	0.0062169289654391965	830.0	10.375
84000	Q = +2	4	55.6	0.2471111111111111	0.01005226397255548	840.0	10.5
84000	Q = +4	4	5.3	0.02355555555555556	0.0025702743070959216	840.0	10.5
84000	Q = -2	4	48.5	0.2155555555555556	0.0063634760281228225	840.0	10.5
84000	Q = -4	4	5.3	0.02355555555555556	0.0036318964954463	840.0	10.5
84000	Q = 0	4	110.3	0.4902222222222221	0.00946410444662782	840.0	10.5
85000	Q = +2	4	56.2	0.2497777777777777	0.010720031120074395	850.0	10.625
85000	Q = +4	4	4.8	0.021333333333333336	0.002461221885309059	850.0	10.625
85000	Q = -2	4	49.1	0.21822222222222226	0.006738705431433572	850.0	10.625
85000	Q = -4	4	4.9	0.021777777777777774	0.003888712518046426	850.0	10.625
85000	Q = 0	4	110.0	0.4888888888888888	0.009108400680852977	850.0	10.625
86000	Q = +2	4	55.6	0.24711111111111106	0.009536875223366569	860.0	10.75
86000	Q = +4	4	4.7	0.02088888888888889	0.001993129488455364	860.0	10.75
86000	Q = -2	4	49.7	0.2208888888888889	0.006391008773369775	860.0	10.75
86000	Q = -4	4	4.5	0.02	0.003458553342201112	860.0	10.75
86000	Q = 0	4	110.5	0.4911111111111111	0.008360859887124424	860.0	10.75
87000	Q = +2	4	54.5	0.2422222222222223	0.009491892432380059	870.0	10.875
87000	Q = +4	4	4.3	0.019111111111111117	0.002735731157425094	870.0	10.875
87000	Q = -2	4	48.6	0.21600000000000005	0.006257396172427518	870.0	10.875
87000	Q = -4	4	4.3	0.019111111111111117	0.003381544358670616	870.0	10.875
87000	Q = 0	4	113.3	0.5035555555555555	0.007408888740770361	870.0	10.875
88000	Q = +2	4	54.1	0.2404444444444445	0.006899633198337787	880.0	11.0
88000	Q = +4	4	4.1	0.018222222222222226	0.002337738346379185	880.0	11.0
88000	Q = -2	4	48.1	0.21377777777777776	0.007210722088081751	880.0	11.0
88000	Q = -4	4	3.9	0.017333333333333333	0.002921938210861632	880.0	11.0
88000	Q = 0	4	114.8	0.5102222222222222	0.005691665988829199	880.0	11.0
89000	Q = +2	4	53.8	0.23911111111111116	0.006243350372060885	890.0	11.125
89000	Q = +4	4	3.6	0.016	0.002826486522716875	890.0	11.125
89000	Q = -2	4	48.1	0.21377777777777776	0.008675209464863614	890.0	11.125
89000	Q = -4	4	3.7	0.016444444444444446	0.002654292276617617	890.0	11.125
89000	Q = 0	4	115.8	0.5146666666666667	0.005992221752935315	890.0	11.125
90000	Q = +2	4	52.2	0.232	0.005292021066516074	900.0	11.25
90000	Q = +4	4	3.5	0.015555555555555557	0.0024116771253481053	900.0	11.25
90000	Q = -2	4	47.5	0.21111111111111108	0.007957362371553058	900.0	11.25
90000	Q = -4	4	3.6	0.016	0.002496636969830032	900.0	11.25
90000	Q = 0	4	118.2	0.5253333333333334	0.00813601790681243	900.0	11.25
91000	Q = +2	4	51.8	0.23022222222222224	0.003163578741342609	910.0	11.375
91000	Q = +4	4	3.3	0.014666666666666666	0.0025702743070959216	910.0	11.375
91000	Q = -2	4	46.8	0.208	0.007548289897989331	910.0	11.375
91000	Q = -4	4	3.3	0.014666666666666666	0.0024834154984059572	910.0	11.375
91000	Q = 0	4	119.8	0.5324444444444445	0.008296296296296305	910.0	11.375
92000	Q = +2	4	51.5	0.2288888888888889	0.0032626245252659588	920.0	11.5
92000	Q = +4	4	3.2	0.014222222222222225	0.002872699174765232	920.0	11.5
92000	Q = -2	4	46.1	0.2048888888888889	0.0063358236386201715	920.0	11.5
92000	Q = -4	4	3.0	0.01333333333333333	0.002650154639999751	920.0	11.5
92000	Q = 0	4	121.2	0.5386666666666666	0.006750095259196742	920.0	11.5
93000	Q = +2	4	50.4	0.22400000000000006	0.005183068350973597	930.0	11.625
93000	Q = +4	4	3.3	0.014666666666666666	0.0023934065809486683	930.0	11.625
93000	Q = -2	4	46.2	0.2053333333333333	0.006278405955679136	930.0	11.625
93000	Q = -4	4	2.8	0.012444444444444444	0.002461221885309059	930.0	11.625
93000	Q = 0	4	122.3	0.5435555555555556	0.006321952086919067	930.0	11.625
94000	Q = +2	4	50.1	0.2226666666666667	0.006404730761842156	940.0	11.75
94000	Q = +4	4	2.8	0.012444444444444444	0.002461221885309059	940.0	11.75
94000	Q = -2	4	46.8	0.208	0.006618757897389235	940.0	11.75
94000	Q = -4	4	2.6	0.011555555555555557	0.0025830512258018805	940.0	11.75
94000	Q = 0	4	122.7	0.5453333333333334	0.007727882284885922	940.0	11.75
95000	Q = +2	4	48.5	0.2155555555555556	0.005785370130301223	950.0	11.875
95000	Q = +4	4	2.5	0.011111111111111113	0.002318885309999782	950.0	11.875
95000	Q = -2	4	46.1	0.2048888888888889	0.005235732458391786	950.0	11.875
95000	Q = -4	4	2.3	0.010222222222222223	0.0024834154984059572	950.0	11.875
95000	Q = 0	4	125.6	0.5582222222222222	0.007263792990892603	950.0	11.875
96000	Q = +2	4	47.0	0.2088888888888889	0.006072267120568647	960.0	12.0
96000	Q = +4	4	2.4	0.010666666666666668	0.002009579254259339	960.0	12.0
96000	Q = -2	4	45.3	0.20133333333333334	0.0053436114953693105	960.0	12.0
96000	Q = -4	4	2.4	0.010666666666666668	0.002666666666666666	960.0	12.0
96000	Q = 0	4	127.9	0.5684444444444445	0.009450179812632327	960.0	12.0
97000	Q = +2	4	46.9	0.20844444444444446	0.008153533573817488	970.0	12.125
97000	Q = +4	4	2.7	0.012	0.0022998777327792627	970.0	12.125
97000	Q = -2	4	45.3	0.20133333333333334	0.006526930599084647	970.0	12.125
97000	Q = -4	4	2.0	0.008888888888888889	0.0023888171106069772	970.0	12.125
97000	Q = 0	4	128.1	0.5693333333333335	0.010316260953216996	970.0	12.125
98000	Q = +2	4	47.7	0.212	0.009850459383632172	980.0	12.25
98000	Q = +4	4	2.4	0.010666666666666668	0.0028264865227168763	980.0	12.25
98000	Q = -2	4	44.1	0.196	0.004213766712097152	980.0	12.25
98000	Q = -4	4	1.8	0.008	0.0022758950364055136	980.0	12.25
98000	Q = 0	4	129.0	0.5733333333333334	0.00991597068484829	980.0	12.25
99000	Q = +2	4	45.6	0.20266666666666666	0.008515619474488834	990.0	12.375
99000	Q = +4	4	2.4	0.010666666666666668	0.0023141480521204905	990.0	12.375
99000	Q = -2	4	42.5	0.18888888888888888	0.0062941172699994075	990.0	12.375
99000	Q = -4	4	1.8	0.008	0.0022758950364055136	990.0	12.375
99000	Q = 0	4	132.7	0.5897777777777778	0.011087382069373429	990.0	12.375
100000	Q = +2	4	45.3	0.2013333333333333	0.007228961717781242	1000.0	12.5
100000	Q = +4	4	2.1	0.009333333333333334	0.0019259259259259262	1000.0	12.5
100000	Q = -2	4	42.0	0.18666666666666665	0.005925925925925926	1000.0	12.5
100000	Q = -4	4	1.6	0.007111111111111112	0.002217278451421595	1000.0	12.5
100000	Q = 0	4	134.0	0.5955555555555556	0.00863844725162267	1000.0	12.5
101000	Q = +2	4	44.6	0.19822222222222224	0.005707069713854285	1010.0	12.625
101000	Q = +4	4	1.5	0.006666666666666665	0.001365858438117465	1010.0	12.625
101000	Q = -2	4	42.3	0.188	0.006854954252598083	1010.0	12.625
101000	Q = -4	4	1.6	0.007111111111111112	0.002217278451421595	1010.0	12.625
101000	Q = 0	4	135.0	0.6	0.008510463180056325	1010.0	12.625
102000	Q = +2	4	43.1	0.1915555555555556	0.008017812816435441	1020.0	12.75
102000	Q = +4	4	1.5	0.006666666666666665	0.001365858438117465	1020.0	12.75
102000	Q = -2	4	41.3	0.1835555555555556	0.007044440549907403	1020.0	12.75
102000	Q = -4	4	1.3	0.005777777777777778	0.0016296296296296295	1020.0	12.75
102000	Q = 0	4	137.8	0.6124444444444445	0.01025972722558858	1020.0	12.75
103000	Q = +2	4	42.8	0.19022222222222224	0.006910757801298132	1030.0	12.875
103000	Q = +4	4	1.6	0.007111111111111112	0.0015108205966200842	1030.0	12.875
103000	Q = -2	4	40.2	0.17866666666666664	0.006717501658521266	1030.0	12.875
103000	Q = -4	4	1.0	0.004444444444444445	0.0013250773199998756	1030.0	12.875
103000	Q = 0	4	139.4	0.6195555555555556	0.009232851230152824	1030.0	12.875
104000	Q = +2	4	42.8	0.19022222222222224	0.004904576402147213	1040.0	13.0
104000	Q = +4	4	1.3	0.005777777777777778	0.001333333333333333	1040.0	13.0
104000	Q = -2	4	38.8	0.17244444444444446	0.0052084135796287255	1040.0	13.0
104000	Q = -4	4	1.1	0.004888888888888889	0.0015467120753941558	1040.0	13.0
104000	Q = 0	4	141.0	0.6266666666666667	0.006885303726590971	1040.0	13.0
105000	Q = +2	4	42.4	0.18844444444444447	0.004503313823280199	1050.0	13.125
105000	Q = +4	4	1.5	0.006666666666666665	0.002121158676040941	1050.0	13.125
105000	Q = -2	4	38.7	0.172	0.00600137158534195	1050.0	13.125
105000	Q = -4	4	0.9	0.004	0.0012306109426545296	1050.0	13.125
105000	Q = 0	4	141.5	0.6288888888888888	0.007957362371553048	1050.0	13.125
106000	Q = +2	4	42.2	0.1875555555555556	0.005250383747161289	1060.0	13.25
106000	Q = +4	4	1.7	0.007555555555555557	0.002202380555158297	1060.0	13.25
106000	Q = -2	4	38.9	0.1728888888888889	0.0065738393280989	1060.0	13.25
106000	Q = -4	4	0.8	0.003555555555555556	0.0011086392257107973	1060.0	13.25
106000	Q = 0	4	141.4	0.6284444444444445	0.007844860619184463	1060.0	13.25
107000	Q = +2	4	40.4	0.17955555555555558	0.0035183235813445683	1070.0	13.375
107000	Q = +4	4	1.0	0.004444444444444445	0.0013250773199998756	1070.0	13.375
107000	Q = -2	4	37.8	0.16799999999999998	0.00772077879750838	1070.0	13.375
107000	Q = -4	4	0.5	0.002222222222222222	0.0011944085553034884	1070.0	13.375
107000	Q = 0	4	145.3	0.6457777777777778	0.008588760320376745	1070.0	13.375
108000	Q = +2	4	39.7	0.17644444444444446	0.004870898436377364	1080.0	13.5
108000	Q = +4	4	1.0	0.004444444444444445	0.0011475506210984938	1080.0	13.5
108000	Q = -2	4	37.7	0.16755555555555554	0.010725148324585636	1080.0	13.5
108000	Q = -4	4	0.3	0.0013333333333333333	0.0009486109981381998	1080.0	13.5
108000	Q = 0	4	146.3	0.6502222222222223	0.009625070145647872	1080.0	13.5
109000	Q = +2	4	39.4	0.1751111111111111	0.005140548614191846	1090.0	13.625
109000	Q = +4	4	1.0	0.004444444444444445	0.0013250773199998756	1090.0	13.625
109000	Q = -2	4	37.4	0.16622222222222222	0.009209049047656329	1090.0	13.625
109000	Q = -4	4	0.2	0.0008888888888888888	0.0008888888888888887	1090.0	13.625
109000	Q = 0	4	147.0	0.6533333333333334	0.007922810048664256	1090.0	13.625
110000	Q = +2	4	40.5	0.18	0.004097575314352396	1100.0	13.75
110000	Q = +4	4	1.0	0.004444444444444445	0.0009369711585684086	1100.0	13.75
110000	Q = -2	4	36.5	0.16222222222222224	0.007647946369860928	1100.0	13.75
110000	Q = -4	4	0.2	0.0008888888888888888	0.0005925925925925926	1100.0	13.75
110000	Q = 0	4	146.8	0.6524444444444445	0.007577310727433725	1100.0	13.75
111000	Q = +2	4	39.9	0.17733333333333334	0.006160184558901271	1110.0	13.875
111000	Q = +4	4	1.5	0.006666666666666665	0.0017839399375988586	1110.0	13.875
111000	Q = -2	4	36.0	0.16	0.0062853936105470905	1110.0	13.875
111000	Q = -4	4	0.3	0.0013333333333333333	0.0009486109981381998	1110.0	13.875
111000	Q = 0	4	147.3	0.6546666666666667	0.007044440549907398	1110.0	13.875
112000	Q = +2	4	37.4	0.16622222222222222	0.0055114297000706	1120.0	14.0
112000	Q = +4	4	1.7	0.007555555555555557	0.0021003625005567147	1120.0	14.0
112000	Q = -2	4	35.2	0.15644444444444444	0.0063132668896777825	1120.0	14.0
112000	Q = -4	4	0.2	0.0008888888888888888	0.0008888888888888887	1120.0	14.0
112000	Q = 0	4	150.5	0.668888888888889	0.007081729423832366	1120.0	14.0
113000	Q = +2	4	36.2	0.16088888888888891	0.006585514302486776	1130.0	14.125
113000	Q = +4	4	1.7	0.007555555555555557	0.0011570740260602452	1130.0	14.125
113000	Q = -2	4	34.0	0.1511111111111111	0.0057377531054924715	1130.0	14.125
113000	Q = -4	4	0.4	0.001777777777777778	0.0009827036415867851	1130.0	14.125
113000	Q = 0	4	152.7	0.6786666666666668	0.00891477711604763	1130.0	14.125
114000	Q = +2	4	35.4	0.15733333333333333	0.005471462314850188	1140.0	14.25
114000	Q = +4	4	1.7	0.007555555555555557	0.00148887046238828	1140.0	14.25
114000	Q = -2	4	34.3	0.15244444444444444	0.006526930599084648	1140.0	14.25
114000	Q = -4	4	0.3	0.0013333333333333333	0.0006789001029564207	1140.0	14.25
114000	Q = 0	4	153.3	0.6813333333333333	0.006627042739657789	1140.0	14.25
115000	Q = +2	4	34.8	0.15466666666666667	0.006750095259196751	1150.0	14.375
115000	Q = +4	4	1.3	0.005777777777777778	0.0013333333333333333	1150.0	14.375
115000	Q = -2	4	34.1	0.15155555555555555	0.006506723335110445	1150.0	14.375
115000	Q = -4	4	0.4	0.001777777777777778	0.0009827036415867851	1150.0	14.375
115000	Q = 0	4	154.4	0.6862222222222221	0.009876049370369752	1150.0	14.375
116000	Q = +2	4	36.1	0.16044444444444447	0.00670605647274446	1160.0	14.5
116000	Q = +4	4	1.2	0.005333333333333334	0.0008888888888888887	1160.0	14.5
116000	Q = -2	4	33.8	0.1502222222222222	0.006028737762778015	1160.0	14.5
116000	Q = -4	4	0.1	0.0004444444444444444	0.00044444444444444436	1160.0	14.5
116000	Q = 0	4	153.8	0.6835555555555556	0.009710204212251222	1160.0	14.5
117000	Q = +2	4	34.1	0.15155555555555555	0.0072713429284788295	1170.0	14.625
117000	Q = +4	4	1.6	0.007111111111111112	0.0016497079593570435	1170.0	14.625
117000	Q = -2	4	31.8	0.1413333333333333	0.0070987546967175965	1170.0	14.625
117000	Q = -4	4	0.2	0.0008888888888888888	0.0005925925925925926	1170.0	14.625
117000	Q = 0	4	157.3	0.6991111111111111	0.009805795996072824	1170.0	14.625
118000	Q = +2	4	34.4	0.1528888888888889	0.00534976891415342	1180.0	14.75
118000	Q = +4	4	1.2	0.005333333333333334	0.0015956043872991125	1180.0	14.75
118000	Q = -2	4	30.8	0.1368888888888889	0.007129605579565016	1180.0	14.75
118000	Q = -4	4	0.1	0.0004444444444444444	0.00044444444444444436	1180.0	14.75
118000	Q = 0	4	158.5	0.7044444444444444	0.00841319754933373	1180.0	14.75
119000	Q = +2	4	33.4	0.14844444444444446	0.005308584553235236	1190.0	14.875
119000	Q = +4	4	1.1	0.004888888888888889	0.0007978021936495563	1190.0	14.875
119000	Q = -2	4	29.4	0.13066666666666665	0.007675160798215475	1190.0	14.875
119000	Q = -4	4	0.1	0.0004444444444444444	0.00044444444444444436	1190.0	14.875
119000	Q = 0	4	161.0	0.7155555555555556	0.007227443506755827	1190.0	14.875
120000	Q = +2	4	32.1	0.14266666666666666	0.009191156959553243	1200.0	15.0
120000	Q = +4	4	1.5	0.006666666666666665	0.0009938079899999065	1200.0	15.0
120000	Q = -2	4	28.4	0.12622222222222226	0.006923449745509879	1200.0	15.0
120000	Q = 0	4	163.0	0.7244444444444444	0.012447971281540742	1200.0	15.0
121000	Q = +2	4	31.6	0.14044444444444446	0.007816833160458026	1210.0	15.125
121000	Q = +4	4	1.2	0.005333333333333334	0.001451549477204846	1210.0	15.125
121000	Q = -2	4	27.3	0.12133333333333332	0.0066270427396577895	1210.0	15.125
121000	Q = 0	4	164.9	0.7328888888888887	0.010358723618615309	1210.0	15.125
122000	Q = +2	4	31.3	0.13911111111111113	0.006110100926607789	1220.0	15.25
122000	Q = +4	4	0.5	0.0022222222222222227	0.0009938079899999065	1220.0	15.25
122000	Q = -2	4	25.4	0.1128888888888889	0.007675160798215477	1220.0	15.25
122000	Q = 0	4	167.8	0.7457777777777778	0.01008713749958472	1220.0	15.25
123000	Q = +2	4	33.3	0.14800000000000002	0.006627042739657792	1230.0	15.375
123000	Q = +4	4	0.7	0.003111111111111111	0.0009486109981381998	1230.0	15.375
123000	Q = -2	4	24.9	0.11066666666666666	0.00782384943793238	1230.0	15.375
123000	Q = 0	4	166.1	0.7382222222222221	0.010505991497180074	1230.0	15.375
124000	Q = +2	4	29.7	0.132	0.006037832258463654	1240.0	15.5
124000	Q = +4	4	0.9	0.004	0.0015467120753941558	1240.0	15.5
124000	Q = -2	4	23.6	0.10488888888888888	0.008227225704838411	1240.0	15.5
124000	Q = 0	4	170.8	0.7591111111111111	0.009642157093495092	1240.0	15.5
125000	Q = +2	4	29.2	0.12977777777777774	0.006243350372060885	1250.0	15.625
125000	Q = +4	4	0.6	0.0026666666666666666	0.0009827036415867851	1250.0	15.625
125000	Q = -2	4	24.1	0.10711111111111113	0.009143273555087095	1250.0	15.625
125000	Q = 0	4	171.1	0.7604444444444445	0.010294963942572854	1250.0	15.625
126000	Q = +2	4	31.9	0.14177777777777778	0.007682306466645434	1260.0	15.75
126000	Q = +4	4	0.6	0.0026666666666666666	0.0011851851851851852	1260.0	15.75
126000	Q = -2	4	22.8	0.10133333333333333	0.008531069658600277	1260.0	15.75
126000	Q = 0	4	169.7	0.7542222222222222	0.011889754208730851	1260.0	15.75
127000	Q = +2	4	29.5	0.13111111111111112	0.006223985640770371	1270.0	15.875
127000	Q = +4	4	0.7	0.003111111111111111	0.0018797892652517804	1270.0	15.875
127000	Q = -2	4	23.2	0.10311111111111113	0.0076062208314035176	1270.0	15.875
127000	Q = 0	4	171.6	0.7626666666666667	0.010707739851610451	1270.0	15.875
128000	Q = +2	4	28.2	0.12533333333333335	0.005955481849553119	1280.0	16.0
128000	Q = +4	4	0.4	0.001777777777777778	0.0011851851851851852	1280.0	16.0
128000	Q = -2	4	23.4	0.104	0.006531972647421808	1280.0	16.0
128000	Q = 0	4	173.0	0.7688888888888891	0.010349184709080287	1280.0	16.0
129000	Q = +2	4	30.4	0.13511111111111113	0.008411893076490897	1290.0	16.125
129000	Q = +4	4	0.7	0.003111111111111111	0.0009486109981381998	1290.0	16.125
129000	Q = -2	4	23.4	0.104	0.0068276851092165395	1290.0	16.125
129000	Q = -4	4	0.1	0.0004444444444444444	0.00044444444444444436	1290.0	16.125
129000	Q = 0	4	170.4	0.7573333333333333	0.012380789579719215	1290.0	16.125
130000	Q = +2	4	32.3	0.14355555555555555	0.0038660706224295984	1300.0	16.25
130000	Q = +4	4	0.6	0.0026666666666666666	0.0009827036415867851	1300.0	16.25
130000	Q = -2	4	22.7	0.10088888888888888	0.007013215039137554	1300.0	16.25
130000	Q = 0	4	169.4	0.7528888888888889	0.009764300476020192	1300.0	16.25
131000	Q = +2	4	32.4	0.14400000000000002	0.0043039523100248745	1310.0	16.375
131000	Q = +4	4	0.6	0.002666666666666667	0.0009827036415867851	1310.0	16.375
131000	Q = -2	4	21.0	0.09333333333333334	0.006285393610547088	1310.0	16.375
131000	Q = -4	4	0.2	0.0008888888888888888	0.0005925925925925928	1310.0	16.375
131000	Q = 0	4	170.8	0.7591111111111111	0.008709296863229075	1310.0	16.375
132000	Q = +2	4	29.2	0.12977777777777774	0.007160323539907894	1320.0	16.5
132000	Q = +4	4	0.5	0.0022222222222222227	0.0007407407407407406	1320.0	16.5
132000	Q = -2	4	19.8	0.08800000000000001	0.005881313552971617	1320.0	16.5
132000	Q = -4	4	0.2	0.0008888888888888888	0.0005925925925925928	1320.0	16.5
132000	Q = 0	4	175.3	0.7791111111111111	0.009323922357072344	1320.0	16.5
133000	Q = +2	4	27.7	0.12311111111111113	0.005739665371203115	1330.0	16.625
133000	Q = +4	4	0.8	0.003555555555555556	0.00129152561290094	1330.0	16.625
133000	Q = -2	4	20.3	0.09022222222222223	0.004779930608859759	1330.0	16.625
133000	Q = -4	4	0.2	0.0008888888888888888	0.0005925925925925928	1330.0	16.625
133000	Q = 0	4	176.0	0.7822222222222223	0.008406673160954734	1330.0	16.625
134000	Q = +2	4	29.1	0.12933333333333336	0.00711882297880531	1340.0	16.75
134000	Q = +4	4	0.4	0.001777777777777778	0.0009827036415867851	1340.0	16.75
134000	Q = -2	4	20.7	0.092	0.0046401362261824656	1340.0	16.75
134000	Q = -4	4	0.2	0.0008888888888888888	0.0005925925925925928	1340.0	16.75
134000	Q = 0	4	174.6	0.7759999999999999	0.01050076749432258	1340.0	16.75
135000	Q = +2	4	28.0	0.12444444444444445	0.005382489518395541	1350.0	16.875
135000	Q = +4	4	0.5	0.0022222222222222227	0.0007407407407407407	1350.0	16.875
135000	Q = -2	4	20.1	0.08933333333333332	0.005979388465366093	1350.0	16.875
135000	Q = 0	4	176.4	0.784	0.007955983159761516	1350.0	16.875
136000	Q = +2	4	26.9	0.11955555555555555	0.004843787473858313	1360.0	17.0
136000	Q = +4	4	0.6	0.002666666666666667	0.000982703641586785	1360.0	17.0
136000	Q = -2	4	18.9	0.08399999999999999	0.005792952532153231	1360.0	17.0
136000	Q = 0	4	178.6	0.7937777777777779	0.0075016230525464765	1360.0	17.0
137000	Q = +2	4	26.2	0.11644444444444445	0.009006627646560393	1370.0	17.125
137000	Q = +4	4	0.6	0.002666666666666667	0.000725774738602423	1370.0	17.125
137000	Q = -2	4	20.0	0.08888888888888889	0.0037478846342736353	1370.0	17.125
137000	Q = 0	4	178.2	0.792	0.00929445163932333	1370.0	17.125
138000	Q = +2	4	28.0	0.12444444444444445	0.005999542735204915	1380.0	17.25
138000	Q = +4	4	0.5	0.0022222222222222227	0.001365858438117465	1380.0	17.25
138000	Q = -2	4	17.4	0.07733333333333334	0.0037007395546064595	1380.0	17.25
138000	Q = -4	4	0.1	0.0004444444444444444	0.00044444444444444436	1380.0	17.25
138000	Q = 0	4	179.0	0.7955555555555556	0.006724033018020871	1380.0	17.25
139000	Q = +2	4	29.3	0.1302222222222222	0.005964688041243673	1390.0	17.375
139000	Q = +4	4	0.5	0.0022222222222222227	0.0007407407407407407	1390.0	17.375
139000	Q = -2	4	16.2	0.07200000000000001	0.004675476692758372	1390.0	17.375
139000	Q = 0	4	179.0	0.7955555555555556	0.008839368231215583	1390.0	17.375
140000	Q = +2	4	27.4	0.1217777777777778	0.008893825789513265	1400.0	17.5
140000	Q = +4	4	0.6	0.0026666666666666666	0.0015108205966200842	1400.0	17.5
140000	Q = -2	4	15.6	0.06933333333333334	0.00625739617242752	1400.0	17.5
140000	Q = 0	4	181.4	0.8062222222222223	0.012433857930878391	1400.0	17.5
141000	Q = +2	4	25.9	0.11511111111111112	0.009309788055327391	1410.0	17.625
141000	Q = +4	4	0.6	0.002666666666666667	0.0009827036415867851	1410.0	17.625
141000	Q = -2	4	15.7	0.06977777777777777	0.005384527954188517	1410.0	17.625
141000	Q = 0	4	182.8	0.8124444444444444	0.011102218663819377	1410.0	17.625
142000	Q = +2	4	26.5	0.1177777777777778	0.008228559453036336	1420.0	17.75
142000	Q = +4	4	0.5	0.002222222222222222	0.0009938079899999065	1420.0	17.75
142000	Q = -2	4	15.8	0.07022222222222221	0.0066847491393650215	1420.0	17.75
142000	Q = 0	4	182.2	0.8097777777777777	0.011220205172599406	1420.0	17.75
143000	Q = +2	4	27.1	0.12044444444444445	0.007479647740067754	1430.0	17.875
143000	Q = +4	4	0.5	0.0022222222222222227	0.0007407407407407407	1430.0	17.875
143000	Q = -2	4	15.4	0.06844444444444445	0.0055114297000706	1430.0	17.875
143000	Q = 0	4	182.0	0.8088888888888889	0.00936971158568409	1430.0	17.875
144000	Q = +2	4	27.2	0.12088888888888888	0.004483776577902682	1440.0	18.0
144000	Q = +4	4	0.6	0.002666666666666667	0.0017777777777777774	1440.0	18.0
144000	Q = -2	4	15.5	0.0688888888888889	0.006081296519044086	1440.0	18.0
144000	Q = 0	4	181.7	0.8075555555555557	0.007584548584397175	1440.0	18.0
145000	Q = +2	4	24.9	0.11066666666666666	0.0055609850012217675	1450.0	18.125
145000	Q = +4	4	0.6	0.002666666666666667	0.0009827036415867851	1450.0	18.125
145000	Q = -2	4	14.3	0.06355555555555556	0.0046871976354241115	1450.0	18.125
145000	Q = -4	4	0.1	0.0004444444444444444	0.00044444444444444436	1450.0	18.125
145000	Q = 0	4	185.1	0.8226666666666667	0.008649872934515553	1450.0	18.125
146000	Q = +2	4	26.0	0.11555555555555555	0.002478992671212075	1460.0	18.25
146000	Q = +4	4	0.7	0.0031111111111111114	0.0009486109981381998	1460.0	18.25
146000	Q = -2	4	14.2	0.06311111111111113	0.00443455690284319	1460.0	18.25
146000	Q = 0	4	184.1	0.8182222222222222	0.0059425692207797426	1460.0	18.25
147000	Q = +2	4	26.7	0.11866666666666666	0.0053023793090883784	1470.0	18.375
147000	Q = +4	4	0.5	0.0022222222222222227	0.0007407407407407407	1470.0	18.375
147000	Q = -2	4	13.2	0.058666666666666666	0.004073400617738522	1470.0	18.375
147000	Q = 0	4	184.6	0.8204444444444444	0.005183068350973594	1470.0	18.375
148000	Q = +2	4	27.1	0.12044444444444445	0.005716675964911033	1480.0	18.5
148000	Q = +4	4	0.9	0.004	0.001397626834378756	1480.0	18.5
148000	Q = -2	4	12.1	0.05377777777777778	0.0028458329944145984	1480.0	18.5
148000	Q = 0	4	184.9	0.8217777777777778	0.006738705431433584	1480.0	18.5
149000	Q = +2	4	25.8	0.11466666666666668	0.005415012409628757	1490.0	18.625
149000	Q = +4	4	0.7	0.003111111111111111	0.0018797892652517808	1490.0	18.625
149000	Q = -2	4	12.7	0.05644444444444442	0.003977991579880757	1490.0	18.625
149000	Q = -4	4	0.1	0.0004444444444444444	0.00044444444444444436	1490.0	18.625
149000	Q = 0	4	185.7	0.8253333333333334	0.007259259259259261	1490.0	18.625
150000	Q = +2	4	25.4	0.11288888888888887	0.005267078173224051	1500.0	18.75
150000	Q = +4	4	0.8	0.003555555555555556	0.0008888888888888887	1500.0	18.75
150000	Q = -2	4	11.6	0.05155555555555556	0.0037595785305035625	1500.0	18.75
150000	Q = -4	4	0.1	0.0004444444444444444	0.00044444444444444436	1500.0	18.75
150000	Q = 0	4	187.1	0.8315555555555555	0.005481481481481483	1500.0	18.75
151000	Q = +2	4	23.3	0.10355555555555557	0.005134140281826207	1510.0	18.875
151000	Q = +4	4	0.6	0.002666666666666667	0.0009827036415867851	1510.0	18.875
151000	Q = -2	4	12.5	0.05555555555555556	0.00398901096824778	1510.0	18.875
151000	Q = -4	4	0.1	0.0004444444444444444	0.00044444444444444436	1510.0	18.875
151000	Q = 0	4	188.5	0.8377777777777778	0.0060086814194587395	1510.0	18.875
152000	Q = +2	4	23.9	0.10622222222222223	0.004466611387164839	1520.0	19.0
152000	Q = +4	4	1.1	0.004888888888888889	0.0010370370370370368	1520.0	19.0
152000	Q = -2	4	12.4	0.05511111111111111	0.00297774092477656	1520.0	19.0
152000	Q = -4	4	0.1	0.0004444444444444444	0.00044444444444444436	1520.0	19.0
152000	Q = 0	4	187.5	0.8333333333333333	0.0051851851851851824	1520.0	19.0
153000	Q = +2	4	23.8	0.10577777777777778	0.006347936380926976	1530.0	19.125
153000	Q = +4	4	0.6	0.0026666666666666666	0.0009827036415867851	1530.0	19.125
153000	Q = -2	4	13.2	0.058666666666666666	0.00443455690284319	1530.0	19.125
153000	Q = -4	4	0.1	0.0004444444444444444	0.00044444444444444436	1530.0	19.125
153000	Q = 0	4	187.3	0.8324444444444443	0.00737920557357763	1530.0	19.125
154000	Q = +2	4	23.7	0.10533333333333332	0.008563168009847955	1540.0	19.25
154000	Q = +4	4	0.5	0.0022222222222222227	0.0007407407407407407	1540.0	19.25
154000	Q = -2	4	11.6	0.05155555555555556	0.0030505570788109623	1540.0	19.25
154000	Q = 0	4	189.2	0.8408888888888891	0.007944940846098916	1540.0	19.25
155000	Q = +2	4	23.2	0.10311111111111113	0.006347936380926976	1550.0	19.375
155000	Q = +4	4	0.9	0.004	0.0012306109426545296	1550.0	19.375
155000	Q = -2	4	10.2	0.04533333333333333	0.002370370370370371	1550.0	19.375
155000	Q = -4	4	0.1	0.0004444444444444444	0.00044444444444444436	1550.0	19.375
155000	Q = 0	4	190.6	0.8471111111111111	0.005511429700070595	1550.0	19.375
156000	Q = +2	4	23.9	0.10622222222222223	0.0083134742794656	1560.0	19.5
156000	Q = +4	4	0.6	0.002666666666666667	0.0013578002059128414	1560.0	19.5
156000	Q = -2	4	11.8	0.05244444444444445	0.003429877600826733	1560.0	19.5
156000	Q = -4	4	0.1	0.0004444444444444444	0.00044444444444444436	1560.0	19.5
156000	Q = 0	4	188.6	0.8382222222222222	0.0080927409088875	1560.0	19.5
157000	Q = +2	4	22.5	0.1	0.00539267399205964	1570.0	19.625
157000	Q = +4	4	1.1	0.004888888888888889	0.0020367003088692624	1570.0	19.625
157000	Q = -2	4	11.7	0.052000000000000005	0.002570274307095921	1570.0	19.625
157000	Q = 0	4	189.7	0.8431111111111111	0.006790617265994567	1570.0	19.625
158000	Q = +2	4	25.1	0.11155555555555556	0.006771196967126778	1580.0	19.75
158000	Q = +4	4	0.5	0.0022222222222222227	0.0007407407407407407	1580.0	19.75
158000	Q = -2	4	11.6	0.05155555555555556	0.0040948962847660005	1580.0	19.75
158000	Q = -4	4	0.1	0.0004444444444444444	0.00044444444444444436	1580.0	19.75
158000	Q = 0	4	187.7	0.8342222222222222	0.005815640422634224	1580.0	19.75
159000	Q = +2	4	24.5	0.10888888888888887	0.006188621799764568	1590.0	19.875
159000	Q = +4	4	0.9	0.004	0.0018083786097383265	1590.0	19.875
159000	Q = -2	4	10.3	0.04577777777777778	0.005004250593793937	1590.0	19.875
159000	Q = 0	4	189.3	0.8413333333333334	0.005218937764091401	1590.0	19.875
160000	Q = +2	4	26.1	0.116	0.006370370370370369	1600.0	20.0
160000	Q = +4	4	0.5	0.002222222222222222	0.0009938079899999065	1600.0	20.0
160000	Q = -2	4	9.7	0.043111111111111114	0.004960198234898726	1600.0	20.0
160000	Q = 0	4	188.7	0.8386666666666669	0.0054654419987249575	1600.0	20.0
161000	Q = +2	4	24.0	0.10666666666666667	0.0052168346256767405	1610.0	20.125
161000	Q = +4	4	0.7	0.0031111111111111114	0.0009486109981381996	1610.0	20.125
161000	Q = -2	4	9.0	0.04	0.003312693299999688	1610.0	20.125
161000	Q = 0	4	191.3	0.8502222222222222	0.005134140281826207	1610.0	20.125
162000	Q = +2	4	26.7	0.11866666666666667	0.008537498983243798	1620.0	20.25
162000	Q = +4	4	0.5	0.002222222222222222	0.0009938079899999065	1620.0	20.25
162000	Q = -2	4	9.1	0.040444444444444436	0.005277485372016852	1620.0	20.25
162000	Q = 0	4	188.7	0.8386666666666667	0.006391008773369787	1620.0	20.25
163000	Q = +2	4	24.4	0.10844444444444444	0.007049112446441669	1630.0	20.375
163000	Q = +4	4	0.5	0.0022222222222222227	0.0009938079899999065	1630.0	20.375
163000	Q = -2	4	7.6	0.033777777777777775	0.004040942725032846	1630.0	20.375
163000	Q = 0	4	192.5	0.8555555555555555	0.00682929219058734	1630.0	20.375
164000	Q = +2	4	26.2	0.11644444444444445	0.006878925491107496	1640.0	20.5
164000	Q = +4	4	0.8	0.003555555555555556	0.0011086392257107973	1640.0	20.5
164000	Q = -2	4	7.4	0.032888888888888884	0.0039308145663471405	1640.0	20.5
164000	Q = 0	4	190.6	0.8471111111111109	0.007080179641688016	1640.0	20.5
165000	Q = +2	4	23.7	0.10533333333333332	0.0041402040333280345	1650.0	20.625
165000	Q = +4	4	0.8	0.003555555555555556	0.0011086392257107973	1650.0	20.625
165000	Q = -2	4	7.9	0.035111111111111114	0.003139202977839569	1650.0	20.625
165000	Q = 0	4	192.6	0.8560000000000001	0.005668481916950816	1650.0	20.625
166000	Q = +2	4	24.7	0.10977777777777777	0.0037508115262732313	1660.0	20.75
166000	Q = +4	4	0.5	0.0022222222222222227	0.001365858438117465	1660.0	20.75
166000	Q = -2	4	7.1	0.03155555555555555	0.004213766712097154	1660.0	20.75
166000	Q = 0	4	192.7	0.8564444444444443	0.004347081704035918	1660.0	20.75
167000	Q = +2	4	21.1	0.09377777777777778	0.005400807743276497	1670.0	20.875
167000	Q = +4	4	1.1	0.004888888888888889	0.001397626834378756	1670.0	20.875
167000	Q = -2	4	7.9	0.035111111111111114	0.003471222078180736	1670.0	20.875
167000	Q = 0	4	194.9	0.8662222222222222	0.0050217633353120865	1670.0	20.875
168000	Q = +2	4	23.5	0.10444444444444444	0.003703703703703703	1680.0	21.0
168000	Q = +4	4	0.9	0.004	0.0010370370370370368	1680.0	21.0
168000	Q = -2	4	6.5	0.028888888888888888	0.003521441281186582	1680.0	21.0
168000	Q = 0	4	194.1	0.8626666666666667	0.006124452328472397	1680.0	21.0
169000	Q = +2	4	22.6	0.10044444444444443	0.0057453983495304615	1690.0	21.125
169000	Q = +4	4	0.9	0.004	0.0012306109426545296	1690.0	21.125
169000	Q = -2	4	7.8	0.034666666666666665	0.0038518518518518524	1690.0	21.125
169000	Q = 0	4	193.7	0.8608888888888888	0.008690375926555525	1690.0	21.125
170000	Q = +2	4	21.8	0.09688888888888887	0.005080423170216961	1700.0	21.25
170000	Q = +4	4	0.6	0.0026666666666666666	0.0011851851851851852	1700.0	21.25
170000	Q = -2	4	6.1	0.027111111111111117	0.003139202977839569	1700.0	21.25
170000	Q = 0	4	196.5	0.8733333333333333	0.004255231590028155	1700.0	21.25
171000	Q = +2	4	22.2	0.09866666666666668	0.004580629580367497	1710.0	21.375
171000	Q = +4	4	0.9	0.004	0.0010370370370370368	1710.0	21.375
171000	Q = -2	4	7.8	0.034666666666666665	0.0036167572194766525	1710.0	21.375
171000	Q = 0	4	194.1	0.8626666666666667	0.0061244523284724	1710.0	21.375
172000	Q = +2	4	23.6	0.10488888888888888	0.007501623052546465	1720.0	21.5
172000	Q = +4	4	0.9	0.004	0.0010370370370370366	1720.0	21.5
172000	Q = -2	4	7.4	0.032888888888888884	0.004454310038036417	1720.0	21.5
172000	Q = 0	4	193.1	0.8582222222222222	0.007361338221513981	1720.0	21.5
173000	Q = +2	4	24.0	0.10666666666666666	0.0037478846342736327	1730.0	21.625
173000	Q = +4	4	1.0	0.004444444444444445	0.0014814814814814814	1730.0	21.625
173000	Q = -2	4	6.4	0.02844444444444445	0.0027477388134802085	1730.0	21.625
173000	Q = 0	4	193.6	0.8604444444444445	0.0057070697138542825	1730.0	21.625
174000	Q = +2	4	24.4	0.10844444444444444	0.006186848301576621	1740.0	21.75
174000	Q = +4	4	0.9	0.004	0.0016826395098667474	1740.0	21.75
174000	Q = -2	4	6.5	0.028888888888888888	0.0029068765733849754	1740.0	21.75
174000	Q = 0	4	193.2	0.8586666666666666	0.0042319575872846425	1740.0	21.75
175000	Q = +2	4	22.9	0.10177777777777776	0.006370370370370369	1750.0	21.875
175000	Q = +4	4	0.7	0.0031111111111111114	0.0009486109981381998	1750.0	21.875
175000	Q = -2	4	6.3	0.028000000000000004	0.002393406580948668	1750.0	21.875
175000	Q = 0	4	195.1	0.8671111111111112	0.0063703703703703604	1750.0	21.875
176000	Q = +2	4	23.9	0.10622222222222223	0.0035954551405960266	1760.0	22.0
176000	Q = +4	4	0.9	0.004	0.0012306109426545296	1760.0	22.0
176000	Q = -2	4	6.0	0.02666666666666666	0.003177423791041068	1760.0	22.0
176000	Q = 0	4	194.2	0.8631111111111109	0.0045324617898602594	1760.0	22.0
177000	Q = +2	4	23.7	0.10533333333333332	0.006526930599084646	1770.0	22.125
177000	Q = +4	4	1.3	0.005777777777777778	0.0013333333333333333	1770.0	22.125
177000	Q = -2	4	6.0	0.02666666666666666	0.0034426518632954817	1770.0	22.125
177000	Q = 0	4	194.0	0.8622222222222222	0.0050457441084226255	1770.0	22.125
178000	Q = +2	4	24.0	0.10666666666666666	0.007227443506755831	1780.0	22.25
178000	Q = +4	4	0.9	0.004	0.001397626834378756	1780.0	22.25
178000	Q = -2	4	6.3	0.028000000000000004	0.0038660706224295967	1780.0	22.25
178000	Q = 0	4	193.8	0.8613333333333333	0.008759552888352286	1780.0	22.25
179000	Q = +2	4	23.3	0.10355555555555557	0.005739665371203114	1790.0	22.375
179000	Q = +4	4	1.1	0.004888888888888889	0.0019259259259259262	1790.0	22.375
179000	Q = -2	4	6.7	0.02977777777777778	0.005505453089203569	1790.0	22.375
179000	Q = 0	4	193.9	0.8617777777777779	0.006673247780477157	1790.0	22.375
180000	Q = +2	4	21.8	0.09688888888888887	0.007635021467688963	1800.0	22.5
180000	Q = +4	4	0.7	0.003111111111111111	0.00148887046238828	1800.0	22.5
180000	Q = -2	4	6.5	0.028888888888888888	0.006045098003882419	1800.0	22.5
180000	Q = 0	4	196.0	0.8711111111111111	0.008432740427115672	1800.0	22.5
181000	Q = +2	4	22.9	0.1017777777777778	0.005754940622090378	1810.0	22.625
181000	Q = +4	4	1.3	0.005777777777777778	0.0013333333333333333	1810.0	22.625
181000	Q = -2	4	6.6	0.029333333333333333	0.00258305122580188	1810.0	22.625
181000	Q = 0	4	194.2	0.8631111111111109	0.005292021066516067	1810.0	22.625
182000	Q = +2	4	24.0	0.10666666666666663	0.0029629629629629624	1820.0	22.75
182000	Q = +4	4	0.9	0.004	0.001397626834378756	1820.0	22.75
182000	Q = -2	4	6.8	0.030222222222222227	0.0047684376116832825	1820.0	22.75
182000	Q = 0	4	193.3	0.8591111111111112	0.004347081704035911	1820.0	22.75
183000	Q = +2	4	24.1	0.10711111111111107	0.004798262145393079	1830.0	22.875
183000	Q = +4	4	0.9	0.004	0.0012306109426545296	1830.0	22.875
183000	Q = -2	4	6.1	0.02711111111111111	0.004466611387164841	1830.0	22.875
183000	Q = -4	4	0.1	0.0004444444444444444	0.00044444444444444436	1830.0	22.875
183000	Q = 0	4	193.8	0.8613333333333333	0.005992221752935309	1830.0	22.875
184000	Q = +2	4	23.4	0.104	0.0025830512258018788	1840.0	23.0
184000	Q = +4	4	2.0	0.008888888888888889	0.0021973921443246406	1840.0	23.0
184000	Q = -2	4	6.6	0.029333333333333333	0.005225242100310636	1840.0	23.0
184000	Q = -4	4	0.1	0.0004444444444444444	0.00044444444444444436	1840.0	23.0
184000	Q = 0	4	192.9	0.8573333333333333	0.006867749325332889	1840.0	23.0
185000	Q = +2	4	22.4	0.09955555555555556	0.005267078173224052	1850.0	23.125
185000	Q = +4	4	1.4	0.006222222222222223	0.0011851851851851852	1850.0	23.125
185000	Q = -2	4	6.4	0.02844444444444445	0.00474074074074074	1850.0	23.125
185000	Q = 0	4	194.8	0.8657777777777779	0.005455393374673171	1850.0	23.125
186000	Q = +2	4	26.0	0.11555555555555555	0.007783066984630337	1860.0	23.25
186000	Q = +4	4	1.1	0.004888888888888889	0.0012306109426545296	1860.0	23.25
186000	Q = -2	4	6.1	0.02711111111111111	0.0035954551405960283	1860.0	23.25
186000	Q = -4	4	0.1	0.0004444444444444444	0.00044444444444444436	1860.0	23.25
186000	Q = 0	4	191.7	0.852	0.008939362869064056	1860.0	23.25
187000	Q = +2	4	25.2	0.112	0.0058813135529716155	1870.0	23.375
187000	Q = +4	4	1.0	0.004444444444444445	0.0009369711585684086	1870.0	23.375
187000	Q = -2	4	6.2	0.027555555555555555	0.002715600411825683	1870.0	23.375
187000	Q = 0	4	192.6	0.8560000000000001	0.004966830996811904	1870.0	23.375
188000	Q = +2	4	25.2	0.11200000000000003	0.0061011141576219246	1880.0	23.5
188000	Q = +4	4	1.2	0.005333333333333334	0.0017276894503245337	1880.0	23.5
188000	Q = -2	4	5.8	0.025777777777777774	0.004231957587284651	1880.0	23.5
188000	Q = 0	4	192.8	0.8568888888888889	0.004126929859906396	1880.0	23.5
189000	Q = +2	4	24.0	0.10666666666666666	0.005888772419067197	1890.0	23.625
189000	Q = +4	4	1.3	0.005777777777777778	0.001759161790672284	1890.0	23.625
189000	Q = -2	4	4.8	0.021333333333333336	0.0030216411932401685	1890.0	23.625
189000	Q = 0	4	194.9	0.8662222222222221	0.0047523007206949405	1890.0	23.625
190000	Q = +2	4	22.7	0.10088888888888888	0.003922430309592214	1900.0	23.75
190000	Q = +4	4	1.4	0.006222222222222223	0.0017777777777777774	1900.0	23.75
190000	Q = -2	4	5.3	0.02355555555555556	0.003381544358670616	1900.0	23.75
190000	Q = 0	4	195.6	0.8693333333333333	0.004040942725032841	1900.0	23.75
191000	Q = +2	4	22.0	0.09777777777777777	0.003567879875197717	1910.0	23.875
191000	Q = +4	4	0.7	0.003111111111111111	0.0009486109981381998	1910.0	23.875
191000	Q = -2	4	6.5	0.028888888888888888	0.003703703703703704	1910.0	23.875
191000	Q = 0	4	195.8	0.8702222222222222	0.005992221752935307	1910.0	23.875
192000	Q = +2	4	22.2	0.09866666666666664	0.006846945190098574	1920.0	24.0
192000	Q = +4	4	1.5	0.006666666666666665	0.0022222222222222227	1920.0	24.0
192000	Q = -2	4	6.2	0.027555555555555555	0.003299415918714086	1920.0	24.0
192000	Q = 0	4	195.1	0.8671111111111112	0.0069313704090604895	1920.0	24.0
193000	Q = +2	4	24.8	0.11022222222222222	0.004993273939660064	1930.0	24.125
193000	Q = +4	4	1.6	0.007111111111111112	0.0015108205966200842	1930.0	24.125
193000	Q = -2	4	5.6	0.02488888888888889	0.0030505570788109627	1930.0	24.125
193000	Q = 0	4	193.0	0.8577777777777778	0.006821252997464498	1930.0	24.125
194000	Q = +2	4	25.8	0.11466666666666668	0.0044837765779026815	1940.0	24.25
194000	Q = +4	4	1.1	0.004888888888888889	0.001397626834378756	1940.0	24.25
194000	Q = -2	4	7.1	0.03155555555555555	0.0036559889420009076	1940.0	24.25
194000	Q = 0	4	191.0	0.8488888888888889	0.005888772419067199	1940.0	24.25
195000	Q = +2	4	24.2	0.10755555555555556	0.0032322109969290997	1950.0	24.375
195000	Q = +4	4	0.6	0.002666666666666667	0.0009827036415867851	1950.0	24.375
195000	Q = -2	4	5.7	0.025333333333333336	0.003249142548068342	1950.0	24.375
195000	Q = 0	4	194.5	0.8644444444444443	0.0042552315900281626	1950.0	24.375
196000	Q = +2	4	23.4	0.104	0.0061512709606005005	1960.0	24.5
196000	Q = +4	4	1.3	0.005777777777777778	0.0016296296296296295	1960.0	24.5
196000	Q = -2	4	5.9	0.026222222222222227	0.0030684911373641444	1960.0	24.5
196000	Q = 0	4	194.4	0.8639999999999999	0.00653197264742181	1960.0	24.5
197000	Q = +2	4	25.2	0.112	0.005080423170216961	1970.0	24.625
197000	Q = +4	4	1.1	0.004888888888888889	0.0010370370370370368	1970.0	24.625
197000	Q = -2	4	6.0	0.02666666666666666	0.003378297555849297	1970.0	24.625
197000	Q = 0	4	192.7	0.8564444444444443	0.00464013622618246	1970.0	24.625
198000	Q = +2	4	23.1	0.10266666666666667	0.008470395471954256	1980.0	24.75
198000	Q = +4	4	0.9	0.004	0.0007978021936495563	1980.0	24.75
198000	Q = -2	4	6.4	0.02844444444444445	0.0040948962847660005	1980.0	24.75
198000	Q = 0	4	194.6	0.8648888888888887	0.006598831837428171	1980.0	24.75
199000	Q = +2	4	25.8	0.11466666666666668	0.005123441915789802	1990.0	24.875
199000	Q = +4	4	1.0	0.004444444444444445	0.0014814814814814814	1990.0	24.875
199000	Q = -2	4	5.8	0.025777777777777774	0.0029481109247603554	1990.0	24.875
199000	Q = 0	4	192.4	0.8551111111111112	0.006257396172427511	1990.0	24.875
200000	Q = +2	4	25.4	0.11288888888888884	0.004599755465558525	2000.0	25.0
200000	Q = +4	4	1.5	0.006666666666666665	0.001365858438117465	2000.0	25.0
200000	Q = -2	4	4.3	0.019111111111111117	0.002570274307095922	2000.0	25.0
200000	Q = 0	4	193.8	0.8613333333333333	0.004859620582772357	2000.0	25.0
201000	Q = +2	4	26.0	0.11555555555555555	0.00800548508806299	2010.0	25.0
201000	Q = +4	4	2.0	0.008888888888888889	0.0013250773199998756	2010.0	25.0
201000	Q = -2	4	5.3	0.02355555555555556	0.002393406580948668	2010.0	25.0
201000	Q = 0	4	191.7	0.852	0.007379205573577642	2010.0	25.0
202000	Q = +2	4	25.6	0.11377777777777777	0.00792834853941313	2020.0	25.0
202000	Q = +4	4	1.5	0.006666666666666665	0.0017839399375988586	2020.0	25.0
202000	Q = -2	4	5.4	0.024	0.001185185185185185	2020.0	25.0
202000	Q = 0	4	192.5	0.8555555555555555	0.0077335603769707875	2020.0	25.0
203000	Q = +2	4	25.9	0.11511111111111112	0.00885053453703339	2030.0	25.0
203000	Q = +4	4	1.9	0.008444444444444445	0.001682639509866748	2030.0	25.0
203000	Q = -2	4	4.6	0.020444444444444446	0.002009579254259339	2030.0	25.0
203000	Q = 0	4	192.6	0.8559999999999999	0.009853800976779785	2030.0	25.0
204000	Q = +2	4	23.4	0.104	0.006396157968866043	2040.0	25.0
204000	Q = +4	4	2.0	0.008888888888888889	0.0017529125283258118	2040.0	25.0
204000	Q = -2	4	5.4	0.024	0.0022172784514215946	2040.0	25.0
204000	Q = 0	4	194.2	0.8631111111111112	0.008216547925251583	2040.0	25.0
205000	Q = +2	4	24.3	0.108	0.00800685577296098	2050.0	25.0
205000	Q = +4	4	1.2	0.005333333333333334	0.0015956043872991125	2050.0	25.0
205000	Q = -2	4	5.5	0.024444444444444446	0.003054152315272341	2050.0	25.0
205000	Q = 0	4	194.0	0.8622222222222222	0.007783066984630319	2050.0	25.0
206000	Q = +2	4	23.3	0.10355555555555557	0.007044440549907402	2060.0	25.0
206000	Q = +4	4	1.6	0.007111111111111112	0.001649707959357043	2060.0	25.0
206000	Q = -2	4	6.2	0.027555555555555555	0.0022758950364055136	2060.0	25.0
206000	Q = 0	4	193.9	0.8617777777777779	0.008180407521350241	2060.0	25.0
207000	Q = +2	4	23.7	0.10533333333333332	0.007408888740770362	2070.0	25.0
207000	Q = +4	4	0.7	0.003111111111111111	0.0009486109981381998	2070.0	25.0
207000	Q = -2	4	6.1	0.027111111111111117	0.003407407407407407	2070.0	25.0
207000	Q = 0	4	194.5	0.8644444444444443	0.00593517796266967	2070.0	25.0
208000	Q = +2	4	24.1	0.10711111111111113	0.006052355026908293	2080.0	25.0
208000	Q = +4	4	1.1	0.004888888888888889	0.0012306109426545296	2080.0	25.0
208000	Q = -2	4	5.4	0.024	0.004454310038036417	2080.0	25.0
208000	Q = 0	4	194.4	0.8640000000000001	0.005933328709481706	2080.0	25.0
209000	Q = +2	4	23.1	0.10266666666666667	0.004888888888888888	2090.0	25.0
209000	Q = +4	4	1.5	0.006666666666666665	0.0017839399375988582	2090.0	25.0
209000	Q = -2	4	5.3	0.02355555555555556	0.002202380555158297	2090.0	25.0
209000	Q = 0	4	195.1	0.8671111111111113	0.006867749325332894	2090.0	25.0
210000	Q = +2	4	25.2	0.112	0.00675009525919675	2100.0	25.0
210000	Q = +4	4	1.4	0.006222222222222223	0.0009827036415867851	2100.0	25.0
210000	Q = -2	4	5.7	0.025333333333333336	0.004140204033328035	2100.0	25.0
210000	Q = 0	4	192.7	0.8564444444444446	0.00761343120446199	2100.0	25.0
211000	Q = +2	4	25.6	0.11377777777777776	0.007263792990892599	2110.0	25.0
211000	Q = +4	4	1.3	0.005777777777777778	0.0016296296296296295	2110.0	25.0
211000	Q = -2	4	5.2	0.023111111111111117	0.0037944439925527993	2110.0	25.0
211000	Q = 0	4	192.9	0.8573333333333333	0.00916724652112887	2110.0	25.0
212000	Q = +2	4	25.6	0.11377777777777776	0.004303952310024872	2120.0	25.0
212000	Q = +4	4	1.2	0.005333333333333334	0.0015956043872991125	2120.0	25.0
212000	Q = -2	4	4.5	0.02	0.002318885309999782	2120.0	25.0
212000	Q = 0	4	193.7	0.8608888888888891	0.003631896495446315	2120.0	25.0
213000	Q = +2	4	24.5	0.1088888888888889	0.009943599522696195	2130.0	25.0
213000	Q = +4	4	1.1	0.004888888888888889	0.0016826395098667474	2130.0	25.0
213000	Q = -2	4	5.3	0.02355555555555556	0.003977991579880756	2130.0	25.0
213000	Q = 0	4	194.1	0.8626666666666667	0.01113478958465988	2130.0	25.0
214000	Q = +2	4	23.6	0.10488888888888888	0.0075888879851055985	2140.0	25.0
214000	Q = +4	4	1.5	0.006666666666666665	0.0017839399375988586	2140.0	25.0
214000	Q = -2	4	5.9	0.026222222222222227	0.0035954551405960287	2140.0	25.0
214000	Q = 0	4	194.0	0.8622222222222222	0.007640768567838596	2140.0	25.0
215000	Q = +2	4	24.7	0.10977777777777778	0.005662671067738189	2150.0	25.0
215000	Q = +4	4	1.4	0.006222222222222223	0.0018972219962764	2150.0	25.0
215000	Q = -2	4	5.4	0.024	0.00258305122580188	2150.0	25.0
215000	Q = 0	4	193.5	0.86	0.007676590464018742	2150.0	25.0
216000	Q = +2	4	25.2	0.112	0.0070677691507416655	2160.0	25.0
216000	Q = +4	4	1.6	0.007111111111111112	0.002115978793642326	2160.0	25.0
216000	Q = -2	4	4.3	0.019111111111111117	0.003922430309592215	2160.0	25.0
216000	Q = 0	4	193.9	0.8617777777777776	0.00928618307805322	2160.0	25.0
217000	Q = +2	4	25.2	0.11200000000000003	0.008556757972262906	2170.0	25.0
217000	Q = +4	4	1.8	0.008	0.0008888888888888887	2170.0	25.0
217000	Q = -2	4	4.7	0.02088888888888889	0.004192880503136268	2170.0	25.0
217000	Q = 0	4	193.3	0.8591111111111112	0.007259259259259258	2170.0	25.0
218000	Q = +2	4	23.7	0.10533333333333332	0.004870898436377362	2180.0	25.0
218000	Q = +4	4	0.7	0.003111111111111111	0.0009486109981381998	2180.0	25.0
218000	Q = -2	4	5.0	0.022222222222222227	0.002810913475705226	2180.0	25.0
218000	Q = 0	4	195.6	0.8693333333333333	0.005629629629629618	2180.0	25.0
219000	Q = +2	4	23.5	0.10444444444444444	0.005553085870812238	2190.0	25.0
219000	Q = +4	4	1.8	0.008	0.0020740740740740737	2190.0	25.0
219000	Q = -2	4	4.9	0.021777777777777774	0.003208356715215958	2190.0	25.0
219000	Q = -4	4	0.1	0.0004444444444444444	0.00044444444444444436	2190.0	25.0
219000	Q = 0	4	194.7	0.8653333333333333	0.006790617265994567	2190.0	25.0
220000	Q = +2	4	22.7	0.10088888888888888	0.0053023793090883784	2200.0	25.0
220000	Q = +4	4	1.6	0.007111111111111112	0.0015108205966200842	2200.0	25.0
220000	Q = -2	4	5.0	0.022222222222222227	0.0027317168762349296	2200.0	25.0
220000	Q = 0	4	195.7	0.8697777777777776	0.006459327216767898	2200.0	25.0
221000	Q = +2	4	24.0	0.10666666666666666	0.003805994838123	2210.0	25.0
221000	Q = +4	4	1.1	0.004888888888888889	0.001397626834378756	2210.0	25.0
221000	Q = -2	4	5.8	0.025777777777777774	0.002795253668757512	2210.0	25.0
221000	Q = 0	4	194.1	0.8626666666666667	0.005400807743276493	2210.0	25.0
222000	Q = +2	4	25.4	0.11288888888888887	0.004877652632045725	2220.0	25.0
222000	Q = +4	4	1.1	0.004888888888888889	0.0018083786097383263	2220.0	25.0
222000	Q = -2	4	6.2	0.027555555555555555	0.0037361541371610345	2220.0	25.0
222000	Q = 0	4	192.3	0.8546666666666665	0.005047918529600235	2220.0	25.0
223000	Q = +2	4	26.0	0.11555555555555555	0.0035678798751977163	2230.0	25.0
223000	Q = +4	4	2.0	0.008888888888888889	0.0016228816518671588	2230.0	25.0
223000	Q = -2	4	5.5	0.024444444444444446	0.002906876573384975	2230.0	25.0
223000	Q = 0	4	191.5	0.8511111111111112	0.005351819812796587	2230.0	25.0
224000	Q = +2	4	26.3	0.11688888888888888	0.006321952086919071	2240.0	25.0
224000	Q = +4	4	1.9	0.008444444444444445	0.0019259259259259253	2240.0	25.0
224000	Q = -2	4	5.9	0.026222222222222227	0.002996110876467657	2240.0	25.0
224000	Q = 0	4	190.9	0.8484444444444443	0.0060523550269082965	2240.0	25.0
225000	Q = +2	4	27.8	0.12355555555555554	0.0062080968414094705	2250.0	25.0
225000	Q = +4	4	1.7	0.007555555555555557	0.0021003625005567147	2250.0	25.0
225000	Q = -2	4	4.9	0.021777777777777774	0.0025185185185185185	2250.0	25.0
225000	Q = 0	4	190.6	0.8471111111111111	0.007617754152404408	2250.0	25.0
226000	Q = +2	4	25.2	0.11200000000000003	0.007460550110823211	2260.0	25.0
226000	Q = +4	4	1.2	0.005333333333333334	0.0017276894503245337	2260.0	25.0
226000	Q = -2	4	5.1	0.02266666666666667	0.002996110876467657	2260.0	25.0
226000	Q = 0	4	193.5	0.86	0.007532280781562173	2260.0	25.0
227000	Q = +2	4	24.9	0.11066666666666668	0.009095138061138269	2270.0	25.0
227000	Q = +4	4	0.8	0.003555555555555556	0.0011086392257107973	2270.0	25.0
227000	Q = -2	4	5.0	0.022222222222222227	0.0032457633037343172	2270.0	25.0
227000	Q = 0	4	194.3	0.8635555555555555	0.01037142851744423	2270.0	25.0
228000	Q = +2	4	24.6	0.10933333333333332	0.0055114297000705996	2280.0	25.0
228000	Q = +4	4	1.4	0.006222222222222223	0.0015108205966200842	2280.0	25.0
228000	Q = -2	4	5.9	0.026222222222222227	0.0035338845753708345	2280.0	25.0
228000	Q = 0	4	193.1	0.8582222222222222	0.004417200449148312	2280.0	25.0
229000	Q = +2	4	24.5	0.10888888888888887	0.005513420463978783	2290.0	25.0
229000	Q = +4	4	1.4	0.006222222222222222	0.002009579254259339	2290.0	25.0
229000	Q = -2	4	5.5	0.024444444444444446	0.0027517297216306234	2290.0	25.0
229000	Q = 0	4	193.6	0.8604444444444445	0.0068276851092165325	2290.0	25.0
230000	Q = +2	4	26.0	0.11555555555555555	0.005132002392796673	2300.0	25.0
230000	Q = +4	4	1.5	0.006666666666666665	0.002318885309999782	2300.0	25.0
230000	Q = -2	4	6.2	0.027555555555555555	0.004949123878071131	2300.0	25.0
230000	Q = 0	4	191.3	0.8502222222222222	0.006981849877302613	2300.0	25.0
231000	Q = +2	4	21.2	0.09422222222222223	0.004231957587284651	2310.0	25.0
231000	Q = +4	4	2.3	0.010222222222222223	0.0024834154984059572	2310.0	25.0
231000	Q = -2	4	6.0	0.02666666666666666	0.002962962962962963	2310.0	25.0
231000	Q = 0	4	195.5	0.8688888888888888	0.0051426829504325295	2310.0	25.0
232000	Q = +2	4	23.8	0.1057777777777778	0.005208413579628723	2320.0	25.0
232000	Q = +4	4	1.9	0.008444444444444445	0.0012306109426545296	2320.0	25.0
232000	Q = -2	4	6.9	0.03066666666666667	0.003276051020369775	2320.0	25.0
232000	Q = 0	4	192.4	0.8551111111111112	0.007203108611047836	2320.0	25.0
233000	Q = +2	4	24.9	0.11066666666666666	0.005521376341802732	2330.0	25.0
233000	Q = +4	4	1.4	0.006222222222222222	0.0018972219962764	2330.0	25.0
233000	Q = -2	4	6.4	0.02844444444444445	0.0037007395546064577	2330.0	25.0
233000	Q = 0	4	192.3	0.8546666666666667	0.008115760548030993	2330.0	25.0
234000	Q = +2	4	24.2	0.10755555555555557	0.00599222175293531	2340.0	25.0
234000	Q = +4	4	1.6	0.007111111111111112	0.0016497079593570435	2340.0	25.0
234000	Q = -2	4	6.2	0.027555555555555555	0.004580629580367497	2340.0	25.0
234000	Q = 0	4	193.0	0.8577777777777778	0.010600618559999005	2340.0	25.0
235000	Q = +2	4	24.4	0.10844444444444447	0.008991994610662827	2350.0	25.0
235000	Q = +4	4	1.8	0.008	0.002461221885309059	2350.0	25.0
235000	Q = -2	4	6.6	0.029333333333333333	0.003121675186030441	2350.0	25.0
235000	Q = 0	4	192.2	0.8542222222222222	0.009318035670231949	2350.0	25.0
236000	Q = +2	4	26.1	0.11600000000000002	0.005151211452063321	2360.0	25.0
236000	Q = +4	4	1.8	0.008	0.00196540728317357	2360.0	25.0
236000	Q = -2	4	4.7	0.02088888888888889	0.0028148148148148147	2360.0	25.0
236000	Q = 0	4	192.4	0.8551111111111112	0.006598831837428189	2360.0	25.0
237000	Q = +2	4	27.7	0.1231111111111111	0.004192880503136267	2370.0	25.0
237000	Q = +4	4	1.8	0.008	0.0015956043872991125	2370.0	25.0
237000	Q = -2	4	7.1	0.031555555555555566	0.004	2370.0	25.0
237000	Q = 0	4	188.4	0.8373333333333333	0.004966830996811905	2370.0	25.0
238000	Q = +2	4	25.3	0.11244444444444444	0.0054251358292149755	2380.0	25.0
238000	Q = +4	4	1.5	0.006666666666666665	0.0016563466499998445	2380.0	25.0
238000	Q = -2	4	6.3	0.028000000000000004	0.002735731157425094	2380.0	25.0
238000	Q = 0	4	191.9	0.8528888888888891	0.006673247780477171	2380.0	25.0
239000	Q = +2	4	25.4	0.1128888888888889	0.004354648431614537	2390.0	25.0
239000	Q = +4	4	1.6	0.007111111111111112	0.0017777777777777774	2390.0	25.0
239000	Q = -2	4	6.8	0.030222222222222227	0.002795253668757512	2390.0	25.0
239000	Q = 0	4	191.2	0.8497777777777777	0.005208413579628722	2390.0	25.0
240000	Q = +2	4	24.6	0.10933333333333332	0.004647225819661664	2400.0	25.0
240000	Q = +4	4	1.9	0.008444444444444445	0.0018083786097383263	2400.0	25.0
240000	Q = -2	4	5.8	0.025777777777777774	0.0019654072831735703	2400.0	25.0
240000	Q = 0	4	192.7	0.8564444444444443	0.004779930608859751	2400.0	25.0
241000	Q = +2	4	25.0	0.11111111111111108	0.005660732792457126	2410.0	25.0
241000	Q = +4	4	1.5	0.006666666666666665	0.0011944085553034886	2410.0	25.0
241000	Q = -2	4	5.5	0.024444444444444446	0.003521441281186581	2410.0	25.0
241000	Q = -4	4	0.1	0.0004444444444444444	0.00044444444444444436	2410.0	25.0
241000	Q = 0	4	192.9	0.8573333333333333	0.007301464610578726	2410.0	25.0
242000	Q = +2	4	23.7	0.10533333333333332	0.005853258152633602	2420.0	25.0
242000	Q = +4	4	1.3	0.005777777777777778	0.0009486109981381998	2420.0	25.0
242000	Q = -2	4	5.7	0.025333333333333336	0.0019931294884553644	2420.0	25.0
242000	Q = 0	4	194.3	0.8635555555555554	0.005662671067738196	2420.0	25.0
243000	Q = +2	4	23.8	0.1057777777777778	0.008658749153305159	2430.0	25.0
243000	Q = +4	4	1.8	0.008	0.0015956043872991125	2430.0	25.0
243000	Q = -2	4	6.5	0.028888888888888888	0.0029814239699997194	2430.0	25.0
243000	Q = 0	4	192.9	0.8573333333333334	0.0070257218971137144	2430.0	25.0
244000	Q = +2	4	22.9	0.1017777777777778	0.005151211452063321	2440.0	25.0
244000	Q = +4	4	1.4	0.006222222222222223	0.0015108205966200842	2440.0	25.0
244000	Q = -2	4	6.2	0.027555555555555555	0.0035555555555555553	2440.0	25.0
244000	Q = 0	4	194.5	0.8644444444444443	0.0054734676153810795	2440.0	25.0
245000	Q = +2	4	24.8	0.11022222222222222	0.0028726991747652303	2450.0	25.0
245000	Q = +4	4	1.6	0.007111111111111112	0.0015108205966200842	2450.0	25.0
245000	Q = -2	4	6.1	0.027111111111111117	0.0030684911373641444	2450.0	25.0
245000	Q = 0	4	192.5	0.8555555555555557	0.004649586615251915	2450.0	25.0
246000	Q = +2	4	24.8	0.11022222222222222	0.004722185911261991	2460.0	25.0
246000	Q = +4	4	0.8	0.003555555555555556	0.0011086392257107973	2460.0	25.0
246000	Q = -2	4	5.0	0.022222222222222227	0.0037478846342736353	2460.0	25.0
246000	Q = 0	4	194.4	0.8640000000000001	0.005933328709481702	2460.0	25.0
247000	Q = +2	4	27.3	0.12133333333333332	0.00725925925925926	2470.0	25.0
247000	Q = +4	4	2.1	0.00933333333333333	0.0027676358062621326	2470.0	25.0
247000	Q = -2	4	4.8	0.021333333333333336	0.002461221885309059	2470.0	25.0
247000	Q = 0	4	190.8	0.8480000000000001	0.008427533424194297	2470.0	25.0
248000	Q = +2	4	27.0	0.12	0.005258737584977435	2480.0	25.0
248000	Q = +4	4	1.3	0.005777777777777778	0.0022998777327792627	2480.0	25.0
248000	Q = -2	4	5.8	0.025777777777777774	0.0030934241507883115	2480.0	25.0
248000	Q = 0	4	190.9	0.8484444444444443	0.0068035333352326095	2480.0	25.0
249000	Q = +2	4	26.1	0.116	0.006899633198337789	2490.0	25.0
249000	Q = +4	4	1.7	0.007555555555555557	0.0016296296296296295	2490.0	25.0
249000	Q = -2	4	6.6	0.029333333333333333	0.0028264865227168767	2490.0	25.0
249000	Q = 0	4	190.6	0.8471111111111111	0.008092740908887504	2490.0	25.0
250000	Q = +2	4	25.5	0.11333333333333333	0.007790113674154017	2500.0	25.0
250000	Q = +4	4	0.7	0.0031111111111111114	0.001157074026060245	2500.0	25.0
250000	Q = -2	4	7.4	0.032888888888888884	0.0038175107338444814	2500.0	25.0
250000	Q = 0	4	191.4	0.8506666666666668	0.007872788299606769	2500.0	25.0
