frame	type	coordination	number	fraction	err	mT
0	Q = +1	3	12.451612903225806	0.38911290322580644	0.017137096774193547	0.55685714
0	Q = +3	3	4.096774193548387	0.1280241935483871	0.00909122934036874	0.55685714
0	Q = -1	3	11.483870967741936	0.3588709677419355	0.018494618771879825	0.55685714
0	Q = -3	3	3.967741935483871	0.12399193548387097	0.011270503918849744	0.55685714
100	Q = +1	3	12.290322580645162	0.3840725806451613	0.015755073400099576	0.708552378
100	Q = +3	3	4.064516129032258	0.12701612903225806	0.009042662737987822	0.708552378
100	Q = -1	3	11.709677419354838	0.3659274193548387	0.015486180943283485	0.708552378
100	Q = -3	3	3.935483870967742	0.12298387096774194	0.010741131222111936	0.708552378
200	Q = +1	3	11.96774193548387	0.37399193548387094	0.01777741137958508	0.860247616
200	Q = +3	3	4.129032258064516	0.12903225806451613	0.00925005624754392	0.860247616
200	Q = -1	3	12.35483870967742	0.3860887096774194	0.01610801722339635	0.860247616
200	Q = -3	3	3.5483870967741935	0.11088709677419355	0.009703984595560251	0.860247616
300	Q = +1	3	12.451612903225806	0.38911290322580644	0.01854948278671205	1.011942854
300	Q = +3	3	4.0	0.125	0.011010379115900689	1.011942854
300	Q = -1	3	12.451612903225806	0.38911290322580644	0.01663968180522866	1.011942854
300	Q = -3	3	3.3333333333333335	0.10416666666666667	0.010088212460656297	1.011942854
400	Q = +1	3	12.580645161290322	0.39314516129032256	0.017255285049015818	1.163638092
400	Q = +3	3	4.0	0.125	0.010271983714224208	1.163638092
400	Q = -1	3	12.225806451612904	0.38205645161290325	0.016504779813044237	1.163638092
400	Q = -3	3	3.433333333333333	0.10729166666666666	0.01097804812837019	1.163638092
500	Q = +1	3	12.483870967741936	0.3901209677419355	0.015327885329635658	1.31533333
500	Q = +3	3	3.870967741935484	0.12096774193548387	0.010524502529143701	1.31533333
500	Q = -1	3	12.32258064516129	0.3850806451612903	0.01590060012349222	1.31533333
500	Q = -3	3	3.3225806451612905	0.10383064516129033	0.00997593466594704	1.31533333
600	Q = +1	3	12.806451612903226	0.4002016129032258	0.014006898354960245	1.467028568
600	Q = +3	3	3.933333333333333	0.12291666666666666	0.010043607028632384	1.467028568
600	Q = -1	3	12.0	0.375	0.014920262977301304	1.467028568
600	Q = -3	3	3.3870967741935485	0.10584677419354839	0.010214169458044804	1.467028568
700	Q = +1	3	12.741935483870968	0.39818548387096775	0.017687630723487963	1.618723806
700	Q = +3	3	3.7333333333333334	0.11666666666666667	0.00970253205882312	1.618723806
700	Q = -1	3	12.483870967741936	0.3901209677419355	0.017681884565756544	1.618723806
700	Q = -3	3	3.161290322580645	0.09879032258064516	0.009731869666247719	1.618723806
800	Q = +1	3	12.709677419354838	0.3971774193548387	0.017280785967338893	1.770419044
800	Q = +3	3	3.6774193548387095	0.11491935483870967	0.009870113375774451	1.770419044
800	Q = -1	3	12.419354838709678	0.38810483870967744	0.01638117762562749	1.770419044
800	Q = -3	3	3.193548387096774	0.09979838709677419	0.010492268142470429	1.770419044
900	Q = +1	3	13.35483870967742	0.4173387096774194	0.016366696566614842	1.922114282
900	Q = +3	3	3.3666666666666667	0.10520833333333333	0.00840709097368684	1.922114282
900	Q = -1	3	12.451612903225806	0.38911290322580644	0.01593039648234262	1.922114282
900	Q = -3	3	3.25	0.1015625	0.011208149855405079	1.922114282
1000	Q = +1	3	12.935483870967742	0.40423387096774194	0.016519139825541436	2.07380952
1000	Q = +3	3	3.5	0.109375	0.007301922180408089	2.07380952
1000	Q = -1	3	12.870967741935484	0.4022177419354839	0.017374618979095566	2.07380952
1000	Q = -3	3	3.0	0.09375	0.010632513280967522	2.07380952
1100	Q = +1	3	13.451612903225806	0.42036290322580644	0.01638531272038618	2.2255047579999996
1100	Q = +3	3	3.3333333333333335	0.10416666666666667	0.008114954739335023	2.2255047579999996
1100	Q = -1	3	12.548387096774194	0.39213709677419356	0.01670266879836453	2.2255047579999996
1100	Q = -3	3	3.0714285714285716	0.09598214285714286	0.010531187373790746	2.2255047579999996
1200	Q = +1	3	13.580645161290322	0.42439516129032256	0.016252467861378912	2.377199996
1200	Q = +3	3	3.1724137931034484	0.09913793103448276	0.00864470945557216	2.377199996
1200	Q = -1	3	12.67741935483871	0.3961693548387097	0.01679973112902796	2.377199996
1200	Q = -3	3	2.8666666666666667	0.08958333333333333	0.010880478758200982	2.377199996
1300	Q = +1	3	13.35483870967742	0.4173387096774194	0.015098549689960333	2.528895234
1300	Q = +3	3	2.9310344827586206	0.09159482758620689	0.007897632597525036	2.528895234
1300	Q = -1	3	13.32258064516129	0.4163306451612903	0.016292019234545905	2.528895234
1300	Q = -3	3	2.7586206896551726	0.08620689655172414	0.010247191650642007	2.528895234
1400	Q = +1	3	13.419354838709678	0.41935483870967744	0.014329652757282506	2.680590472
1400	Q = +3	3	2.793103448275862	0.08728448275862069	0.0074989913539523405	2.680590472
1400	Q = -1	3	13.419354838709678	0.41935483870967744	0.01518356219888864	2.680590472
1400	Q = -3	3	2.7241379310344827	0.08512931034482758	0.009029522091164961	2.680590472
1500	Q = +1	3	13.32258064516129	0.4163306451612903	0.01576796801969095	2.8322857100000003
1500	Q = +3	3	2.689655172413793	0.08405172413793104	0.007923844526866494	2.8322857100000003
1500	Q = -1	3	13.709677419354838	0.4284274193548387	0.01781928094302338	2.8322857100000003
1500	Q = -3	3	2.7142857142857144	0.08482142857142858	0.010019350137263966	2.8322857100000003
1600	Q = +1	3	13.419354838709678	0.41935483870967744	0.014904362563125984	2.983980948
1600	Q = +3	3	2.6153846153846154	0.08173076923076923	0.008505675967766411	2.983980948
1600	Q = -1	3	14.129032258064516	0.4415322580645161	0.01625038354359395	2.983980948
1600	Q = -3	3	2.5	0.078125	0.009163171231106727	2.983980948
1700	Q = +1	3	13.225806451612904	0.41330645161290325	0.013416476538144352	3.135676186
1700	Q = +3	3	2.392857142857143	0.07477678571428571	0.007596941166912998	3.135676186
1700	Q = -1	3	14.096774193548388	0.4405241935483871	0.01400206088344489	3.135676186
1700	Q = -3	3	2.689655172413793	0.08405172413793104	0.008649505411256248	3.135676186
1800	Q = +1	3	13.064516129032258	0.40826612903225806	0.015400639455215897	3.287371424
1800	Q = +3	3	2.3846153846153846	0.07451923076923077	0.007958146806368678	3.287371424
1800	Q = -1	3	14.451612903225806	0.45161290322580644	0.014908907268998692	3.287371424
1800	Q = -3	3	2.75	0.0859375	0.007976130322860117	3.287371424
1900	Q = +1	3	13.096774193548388	0.4092741935483871	0.014372139055363624	3.439066662
1900	Q = +3	3	1.8846153846153846	0.05889423076923077	0.00608605235633277	3.439066662
1900	Q = -1	3	15.225806451612904	0.47580645161290325	0.017067775670968142	3.439066662
1900	Q = -3	3	2.5	0.078125	0.008358335889766207	3.439066662
2000	Q = +1	3	12.580645161290322	0.39314516129032256	0.014619831934010142	3.5907619000000004
2000	Q = +3	3	1.9615384615384615	0.06129807692307692	0.007037154407838677	3.5907619000000004
2000	Q = -1	3	15.67741935483871	0.4899193548387097	0.017533755413797036	3.5907619000000004
2000	Q = -3	3	2.5	0.078125	0.006769292230927271	3.5907619000000004
2100	Q = +1	3	12.096774193548388	0.3780241935483871	0.01422526316837421	3.742457138
2100	Q = +3	3	2.074074074074074	0.06481481481481481	0.0070621552760156475	3.742457138
2100	Q = -1	3	16.258064516129032	0.5080645161290323	0.017508622943700303	3.742457138
2100	Q = -3	3	2.375	0.07421875	0.006733058996218434	3.742457138
2200	Q = +1	3	12.32258064516129	0.3850806451612903	0.015294700866959821	3.8941523759999996
2200	Q = +3	3	2.0384615384615383	0.06370192307692307	0.0070371544078386755	3.8941523759999996
2200	Q = -1	3	16.129032258064516	0.5040322580645161	0.01921149878963161	3.8941523759999996
2200	Q = -3	3	2.28	0.07125	0.007333214961165851	3.8941523759999996
2300	Q = +1	3	12.290322580645162	0.3840725806451613	0.013989959886556911	4.045847614
2300	Q = +3	3	1.92	0.06	0.0056825757070774405	4.045847614
2300	Q = -1	3	16.225806451612904	0.5070564516129032	0.01749313886112801	4.045847614
2300	Q = -3	3	2.3076923076923075	0.07211538461538461	0.007707317087442981	4.045847614
2400	Q = +1	3	12.096774193548388	0.3780241935483871	0.015360998103871327	4.197542852
2400	Q = +3	3	1.8846153846153846	0.05889423076923077	0.00557049530108484	4.197542852
2400	Q = -1	3	16.096774193548388	0.5030241935483871	0.01880339835319294	4.197542852
2400	Q = -3	3	2.6538461538461537	0.0829326923076923	0.007740981821204144	4.197542852
2500	Q = +1	3	12.129032258064516	0.3790322580645161	0.017674220116083158	4.34923809
2500	Q = +3	3	2.08	0.065	0.006229131828219188	4.34923809
2500	Q = -1	3	16.06451612903226	0.5020161290322581	0.020542432270462565	4.34923809
2500	Q = -3	3	2.4444444444444446	0.0763888888888889	0.006314952146120132	4.34923809
2600	Q = +1	3	11.741935483870968	0.36693548387096775	0.017508622943700303	4.500933328
2600	Q = +3	3	1.7407407407407407	0.05439814814814815	0.005919077684684708	4.500933328
2600	Q = -1	3	16.774193548387096	0.5241935483870968	0.018371497580320962	4.500933328
2600	Q = -3	3	2.259259259259259	0.07060185185185185	0.005919077684684708	4.500933328
2700	Q = +1	3	11.903225806451612	0.3719758064516129	0.015497113652688447	4.652628566000001
2700	Q = +3	3	1.8	0.05625	0.005103103630798287	4.652628566000001
2700	Q = -1	3	16.580645161290324	0.5181451612903226	0.01802904904410148	4.652628566000001
2700	Q = -3	3	2.3703703703703702	0.07407407407407407	0.007298940996816089	4.652628566000001
2800	Q = +1	3	11.774193548387096	0.36794354838709675	0.018655095694923407	4.804323804
2800	Q = +3	3	1.6923076923076923	0.052884615384615384	0.004831670971692736	4.804323804
2800	Q = -1	3	16.451612903225808	0.5141129032258065	0.019595557287762123	4.804323804
2800	Q = -3	3	2.5172413793103448	0.07866379310344827	0.006322830288766271	4.804323804
2900	Q = +1	3	11.35483870967742	0.3548387096774194	0.01617307494813016	4.956019042
2900	Q = +3	3	1.7037037037037037	0.05324074074074074	0.004354351588546111	4.956019042
2900	Q = -1	3	17.0	0.53125	0.017807871734121537	4.956019042
2900	Q = -3	3	2.4814814814814814	0.0775462962962963	0.006748786915330209	4.956019042
3000	Q = +1	3	11.516129032258064	0.3598790322580645	0.01676743944875625	5.107714280000001
3000	Q = +3	3	1.5555555555555556	0.04861111111111111	0.00451696969158327	5.107714280000001
3000	Q = -1	3	16.838709677419356	0.5262096774193549	0.01798955079312619	5.107714280000001
3000	Q = -3	3	2.6296296296296298	0.08217592592592593	0.006702824154102106	5.107714280000001
3100	Q = +1	3	11.258064516129032	0.35181451612903225	0.01720613859474746	5.259409518
3100	Q = +3	3	1.5925925925925926	0.04976851851851852	0.004173091754009247	5.259409518
3100	Q = -1	3	17.161290322580644	0.5362903225806451	0.01816381955878976	5.259409518
3100	Q = -3	3	2.4285714285714284	0.07589285714285714	0.005666497846624932	5.259409518
3200	Q = +1	3	11.064516129032258	0.34576612903225806	0.01587074782389814	5.411104756
3200	Q = +3	3	1.7307692307692308	0.054086538461538464	0.0053590136561557575	5.411104756
3200	Q = -1	3	17.193548387096776	0.5372983870967742	0.01629409822635359	5.411104756
3200	Q = -3	3	2.5357142857142856	0.07924107142857142	0.006116747249572681	5.411104756
3300	Q = +1	3	10.96774193548387	0.34274193548387094	0.01642660641671778	5.562799994
3300	Q = +3	3	1.64	0.05125	0.0047324236215002275	5.562799994
3300	Q = -1	3	17.483870967741936	0.5463709677419355	0.015259224563189892	5.562799994
3300	Q = -3	3	2.4642857142857144	0.07700892857142858	0.006116747249572679	5.562799994
3400	Q = +1	3	10.870967741935484	0.3397177419354839	0.014831457876192214	5.714495232
3400	Q = +3	3	1.565217391304348	0.04891304347826087	0.004316058599223358	5.714495232
3400	Q = -1	3	17.838709677419356	0.5574596774193549	0.015274755584577266	5.714495232
3400	Q = -3	3	2.4444444444444446	0.0763888888888889	0.006741148218014936	5.714495232
3500	Q = +1	3	11.258064516129032	0.35181451612903225	0.01587288199291524	5.86619047
3500	Q = +3	3	1.391304347826087	0.043478260869565216	0.0037990505185844124	5.86619047
3500	Q = -1	3	17.322580645161292	0.5413306451612904	0.016032135013915184	5.86619047
3500	Q = -3	3	2.466666666666667	0.07708333333333334	0.007299359652804907	5.86619047
3600	Q = +1	3	11.193548387096774	0.3497983870967742	0.013856151439306068	6.017885708
3600	Q = +3	3	1.4761904761904763	0.046130952380952384	0.005111775011106449	6.017885708
3600	Q = -1	3	17.580645161290324	0.5493951612903226	0.014547829782139348	6.017885708
3600	Q = -3	3	2.6538461538461537	0.0829326923076923	0.009163037765647076	6.017885708
3700	Q = +1	3	10.96774193548387	0.34274193548387094	0.01339879169178554	6.169580946
3700	Q = +3	3	1.3	0.040625	0.0039916648353656575	6.169580946
3700	Q = -1	3	18.0	0.5625	0.012880629576211326	6.169580946
3700	Q = -3	3	2.5185185185185186	0.0787037037037037	0.009192243233005916	6.169580946
3800	Q = +1	3	10.580645161290322	0.33064516129032256	0.012862207990110144	6.321276184
3800	Q = +3	3	1.2727272727272727	0.03977272727272727	0.0036675978657267207	6.321276184
3800	Q = -1	3	18.419354838709676	0.5756048387096774	0.012362669126416048	6.321276184
3800	Q = -3	3	2.4074074074074074	0.07523148148148148	0.008383140958926883	6.321276184
3900	Q = +1	3	10.290322580645162	0.3215725806451613	0.014933878429239314	6.472971422
3900	Q = +3	3	1.4545454545454546	0.045454545454545456	0.004920598885138855	6.472971422
3900	Q = -1	3	18.516129032258064	0.5786290322580645	0.0162587192115151	6.472971422
3900	Q = -3	3	2.392857142857143	0.07477678571428571	0.00899805552265463	6.472971422
4000	Q = +1	3	10.129032258064516	0.3165322580645161	0.01244459625968626	6.624666660000001
4000	Q = +3	3	1.3636363636363635	0.04261363636363636	0.0038715064992570843	6.624666660000001
4000	Q = -1	3	18.838709677419356	0.5887096774193549	0.013446739305627993	6.624666660000001
4000	Q = -3	3	2.2857142857142856	0.07142857142857142	0.007684490766284557	6.624666660000001
4100	Q = +1	3	10.35483870967742	0.3235887096774194	0.013246238806738588	6.776361897999999
4100	Q = +3	3	1.35	0.0421875	0.00410278608002185	6.776361897999999
4100	Q = -1	3	18.612903225806452	0.5816532258064516	0.01605113919775205	6.776361897999999
4100	Q = -3	3	2.68	0.08375	0.009150079689999062	6.776361897999999
4200	Q = +1	3	10.483870967741936	0.3276209677419355	0.01366166085366675	6.928057136
4200	Q = +3	3	1.2857142857142858	0.04017857142857143	0.0038229858865074795	6.928057136
4200	Q = -1	3	18.419354838709676	0.5756048387096774	0.014108102101930212	6.928057136
4200	Q = -3	3	2.5555555555555554	0.0798611111111111	0.00805721320993502	6.928057136
4300	Q = +1	3	10.612903225806452	0.3316532258064516	0.013646776163370566	7.079752374000001
4300	Q = +3	3	1.3	0.040625	0.003991664835365657	7.079752374000001
4300	Q = -1	3	18.387096774193548	0.5745967741935484	0.016629500269792586	7.079752374000001
4300	Q = -3	3	2.4814814814814814	0.0775462962962963	0.009039640828595664	7.079752374000001
4400	Q = +1	3	10.387096774193548	0.3245967741935484	0.013413951559005	7.231447611999999
4400	Q = +3	3	1.3888888888888888	0.043402777777777776	0.004476022671734299	7.231447611999999
4400	Q = -1	3	18.741935483870968	0.5856854838709677	0.014270434168698698	7.231447611999999
4400	Q = -3	3	2.4615384615384617	0.07692307692307693	0.007987138329728919	7.231447611999999
4500	Q = +1	3	10.483870967741936	0.3276209677419355	0.014626781074195322	7.38314285
4500	Q = +3	3	1.3	0.040625	0.0032853592689865425	7.38314285
4500	Q = -1	3	18.35483870967742	0.5735887096774194	0.01610801722339635	7.38314285
4500	Q = -3	3	2.5714285714285716	0.08035714285714286	0.006900013761529541	7.38314285
4600	Q = +1	3	10.096774193548388	0.3155241935483871	0.014372139055363624	7.534838088000001
4600	Q = +3	3	1.368421052631579	0.04276315789473684	0.004281935129334789	7.534838088000001
4600	Q = -1	3	18.93548387096774	0.5917338709677419	0.015263663610429462	7.534838088000001
4600	Q = -3	3	2.357142857142857	0.07366071428571429	0.007575656919296262	7.534838088000001
4700	Q = +1	3	10.064516129032258	0.31451612903225806	0.013589567153316506	7.686533326
4700	Q = +3	3	1.2380952380952381	0.03869047619047619	0.002976190476190477	7.686533326
4700	Q = -1	3	18.903225806451612	0.5907258064516129	0.017471825841365557	7.686533326
4700	Q = -3	3	2.5185185185185186	0.0787037037037037	0.0073411724446930315	7.686533326
4800	Q = +1	3	10.161290322580646	0.3175403225806452	0.014132091410365982	7.838228564
4800	Q = +3	3	1.263157894736842	0.039473684210526314	0.0032434647933660167	7.838228564
4800	Q = -1	3	18.483870967741936	0.5776209677419355	0.016194005557313117	7.838228564
4800	Q = -3	3	2.857142857142857	0.08928571428571429	0.008907879462335302	7.838228564
4900	Q = +1	3	9.774193548387096	0.30544354838709675	0.01364925807230504	7.989923802000001
4900	Q = +3	3	1.2	0.0375	0.0028676966733820215	7.989923802000001
4900	Q = -1	3	19.032258064516128	0.594758064516129	0.016930282739475173	7.989923802000001
4900	Q = -3	3	2.6785714285714284	0.08370535714285714	0.008360195332680146	7.989923802000001
5000	Q = +1	3	10.129032258064516	0.3165322580645161	0.013651739530024356	8.14161904
5000	Q = +3	3	1.25	0.0390625	0.003493856214843421	8.14161904
5000	Q = -1	3	18.903225806451612	0.5907258064516129	0.017411621516171528	8.14161904
5000	Q = -3	3	2.5714285714285716	0.08035714285714286	0.008417937871268424	8.14161904
5100	Q = +1	3	10.064516129032258	0.31451612903225806	0.01580444564295646	8.293314278
5100	Q = +3	3	1.2222222222222223	0.03819444444444445	0.0031509903228230216	8.293314278
5100	Q = -1	3	18.806451612903224	0.5877016129032258	0.018468959789867328	8.293314278
5100	Q = -3	3	2.586206896551724	0.08081896551724138	0.008135597451800376	8.293314278
5200	Q = +1	3	10.129032258064516	0.3165322580645161	0.01395602127506397	8.445009516
5200	Q = +3	3	1.4375	0.044921875	0.005683112719477915	8.445009516
5200	Q = -1	3	18.903225806451612	0.5907258064516129	0.01782878303986625	8.445009516
5200	Q = -3	3	2.4642857142857144	0.07700892857142858	0.00887415211449149	8.445009516
5300	Q = +1	3	10.161290322580646	0.3175403225806452	0.01581515834373439	8.596704754
5300	Q = +3	3	1.25	0.0390625	0.00451054897804395	8.596704754
5300	Q = -1	3	18.93548387096774	0.5917338709677419	0.018667801672544806	8.596704754
5300	Q = -3	3	2.5	0.078125	0.006723929420498988	8.596704754
5400	Q = +1	3	10.35483870967742	0.3235887096774194	0.01438627327191374	8.748399992000001
5400	Q = +3	3	1.2666666666666666	0.03958333333333333	0.004789725279592583	8.748399992000001
5400	Q = -1	3	18.677419354838708	0.5836693548387096	0.016547822466210543	8.748399992000001
5400	Q = -3	3	2.433333333333333	0.07604166666666666	0.006814212279102723	8.748399992000001
5500	Q = +1	3	10.225806451612904	0.31955645161290325	0.015789435651170334	8.90009523
5500	Q = +3	3	1.3571428571428572	0.04241071428571429	0.006221727655217528	8.90009523
5500	Q = -1	3	18.967741935483872	0.592741935483871	0.01807033556417843	8.90009523
5500	Q = -3	3	2.4285714285714284	0.07589285714285714	0.00744047619047619	8.90009523
5600	Q = +1	3	9.838709677419354	0.3074596774193548	0.01499725376641223	9.051790468
5600	Q = +3	3	1.3125	0.041015625	0.00470374788234074	9.051790468
5600	Q = -1	3	19.29032258064516	0.6028225806451613	0.017035992076030324	9.051790468
5600	Q = -3	3	2.3448275862068964	0.07327586206896551	0.007641424658861365	9.051790468
5700	Q = +1	3	10.35483870967742	0.3235887096774194	0.015098549689960335	9.203485706
5700	Q = +3	3	1.4	0.04375	0.005944935820070887	9.203485706
5700	Q = -1	3	18.612903225806452	0.5816532258064516	0.018426728181668503	9.203485706
5700	Q = -3	3	2.607142857142857	0.08147321428571429	0.0087062050190814	9.203485706
5800	Q = +1	3	10.225806451612904	0.31955645161290325	0.013802264841017528	9.355180944
5800	Q = +3	3	1.3125	0.041015625	0.00470374788234074	9.355180944
5800	Q = -1	3	18.774193548387096	0.5866935483870968	0.016441034707963806	9.355180944
5800	Q = -3	3	2.5714285714285716	0.08035714285714286	0.00857001614244593	9.355180944
5900	Q = +1	3	9.96774193548387	0.31149193548387094	0.016103810925577305	9.506876182
5900	Q = +3	3	1.4	0.04375	0.005103103630798286	9.506876182
5900	Q = -1	3	19.225806451612904	0.6008064516129032	0.019154994259048198	9.506876182
5900	Q = -3	3	2.2758620689655173	0.07112068965517242	0.007421164281523368	9.506876182
6000	Q = +1	3	10.064516129032258	0.31451612903225806	0.015536407707277666	9.658571420000001
6000	Q = +3	3	1.2857142857142858	0.04017857142857143	0.005105106025864872	9.658571420000001
6000	Q = -1	3	19.322580645161292	0.6038306451612904	0.018860956240570263	9.658571420000001
6000	Q = -3	3	2.423076923076923	0.07572115384615384	0.006752198031340452	9.658571420000001
6100	Q = +1	3	9.741935483870968	0.30443548387096775	0.013514582763709055	9.810266658
6100	Q = +3	3	1.375	0.04296875	0.005615588190845788	9.810266658
6100	Q = -1	3	19.612903225806452	0.6129032258064516	0.01731016342261549	9.810266658
6100	Q = -3	3	2.3076923076923075	0.07211538461538461	0.007098472625112213	9.810266658
6200	Q = +1	3	9.64516129032258	0.3014112903225806	0.01234347455259352	9.961961896
6200	Q = +3	3	1.3846153846153846	0.04326923076923077	0.0066559486081074325	9.961961896
6200	Q = -1	3	19.451612903225808	0.6078629032258065	0.015996176621094066	9.961961896
6200	Q = -3	3	2.4	0.075	0.0071229453581164465	9.961961896
