p	x_c	y_c
0	18.28954064604357	0.0
1	-18.28954064604357	0.0
2	64.64152193813071	-46.351981292087146
3	28.062440646043573	-46.351981292087146
4	110.99350323021784	0.0
5	74.41442193813072	0.0
6	157.345484522305	-46.351981292087146
7	120.76640323021783	-46.351981292087146
8	203.69746581439213	0.0
9	167.11838452230498	0.0
10	250.04944710647925	-46.351981292087146
11	213.4703658143921	-46.351981292087146
12	296.40142839856634	0.0
13	259.82234710647924	0.0
14	342.7534096906536	-46.351981292087146
15	306.1743283985664	-46.351981292087146
16	389.1053909827407	0.0
17	352.52630969065353	0.0
18	435.45737227482783	-46.351981292087146
19	398.8782909827407	-46.351981292087146
20	481.809353566915	0.0
21	445.2302722748278	0.0
22	528.1613348590022	-46.351981292087146
23	491.5822535669149	-46.351981292087146
24	574.5133161510893	0.0
25	537.9342348590021	0.0
26	620.8652974431762	-46.351981292087146
27	584.2862161510892	-46.351981292087146
28	667.2172787352633	0.0
29	630.6381974431763	0.0
30	713.5692600273504	-46.351981292087146
31	676.9901787352635	-46.351981292087146
32	759.9212413194377	0.0
33	723.3421600273508	0.0
34	806.2732226115248	-46.351981292087146
35	769.6941413194377	-46.351981292087146
36	852.625203903612	0.0
37	816.046122611525	0.0
38	898.9771851956991	-46.351981292087146
39	862.3981039036121	-46.351981292087146
40	18.28954064604357	-92.70396258417429
41	-18.28954064604357	-92.70396258417429
42	64.64152193813071	-139.0559438762614
43	28.062440646043573	-139.0559438762614
44	110.99350323021784	-92.70396258417429
45	74.41442193813072	-92.70396258417429
46	157.345484522305	-139.0559438762614
47	120.76640323021783	-139.0559438762614
48	203.69746581439213	-92.70396258417429
49	167.11838452230498	-92.70396258417429
50	250.04944710647925	-139.0559438762614
51	213.4703658143921	-139.0559438762614
52	296.40142839856634	-92.70396258417429
53	259.82234710647924	-92.70396258417429
54	342.7534096906536	-139.0559438762614
55	306.1743283985664	-139.0559438762614
56	389.1053909827407	-92.70396258417429
57	352.52630969065353	-92.70396258417429
58	435.45737227482783	-139.0559438762614
59	398.8782909827407	-139.0559438762614
60	481.809353566915	-92.70396258417429
61	445.2302722748278	-92.70396258417429
62	528.1613348590022	-139.0559438762614
63	491.5822535669149	-139.0559438762614
64	574.5133161510893	-92.70396258417429
65	537.9342348590021	-92.70396258417429
66	620.8652974431762	-139.0559438762614
67	584.2862161510892	-139.0559438762614
68	667.2172787352633	-92.70396258417429
69	630.6381974431763	-92.70396258417429
70	713.5692600273504	-139.0559438762614
71	676.9901787352635	-139.0559438762614
72	759.9212413194377	-92.70396258417429
73	723.3421600273508	-92.70396258417429
74	806.2732226115248	-139.0559438762614
75	769.6941413194377	-139.0559438762614
76	852.625203903612	-92.70396258417429
77	816.046122611525	-92.70396258417429
78	898.9771851956991	-139.0559438762614
79	862.3981039036121	-139.0559438762614
80	18.28954064604357	-185.40792516834858
81	-18.28954064604357	-185.40792516834858
82	64.64152193813071	-231.75990646043567
83	28.062440646043573	-231.75990646043567
84	110.99350323021784	-185.40792516834858
85	74.41442193813072	-185.40792516834858
86	157.345484522305	-231.75990646043567
87	120.76640323021783	-231.75990646043567
88	203.69746581439213	-185.40792516834858
89	167.11838452230498	-185.40792516834858
90	250.04944710647925	-231.75990646043567
91	213.4703658143921	-231.75990646043567
92	296.40142839856634	-185.40792516834858
93	259.82234710647924	-185.40792516834858
94	342.7534096906536	-231.75990646043567
95	306.1743283985664	-231.75990646043567
96	389.1053909827407	-185.40792516834858
97	352.52630969065353	-185.40792516834858
98	435.45737227482783	-231.75990646043567
99	398.8782909827407	-231.75990646043567
100	481.809353566915	-185.40792516834858
101	445.2302722748278	-185.40792516834858
102	528.1613348590022	-231.75990646043567
103	491.5822535669149	-231.75990646043567
104	574.5133161510893	-185.40792516834858
105	537.9342348590021	-185.40792516834858
106	620.8652974431762	-231.75990646043567
107	584.2862161510892	-231.75990646043567
108	667.2172787352633	-185.40792516834858
109	630.6381974431763	-185.40792516834858
110	713.5692600273504	-231.75990646043567
111	676.9901787352635	-231.75990646043567
112	759.9212413194377	-185.40792516834858
113	723.3421600273508	-185.40792516834858
114	806.2732226115248	-231.75990646043567
115	769.6941413194377	-231.75990646043567
116	852.625203903612	-185.40792516834858
117	816.046122611525	-185.40792516834858
118	898.9771851956991	-231.75990646043567
119	862.3981039036121	-231.75990646043567
120	18.28954064604357	-278.1118877525228
121	-18.28954064604357	-278.1118877525228
122	64.64152193813071	-324.46386904460996
123	28.062440646043573	-324.46386904460996
124	110.99350323021784	-278.1118877525228
125	74.41442193813072	-278.1118877525228
126	157.345484522305	-324.46386904460996
127	120.76640323021783	-324.46386904460996
128	203.69746581439213	-278.1118877525228
129	167.11838452230498	-278.1118877525228
130	250.04944710647925	-324.46386904460996
131	213.4703658143921	-324.46386904460996
132	296.40142839856634	-278.1118877525228
133	259.82234710647924	-278.1118877525228
134	342.7534096906536	-324.46386904460996
135	306.1743283985664	-324.46386904460996
136	389.1053909827407	-278.1118877525228
137	352.52630969065353	-278.1118877525228
138	435.45737227482783	-324.46386904460996
139	398.8782909827407	-324.46386904460996
140	481.809353566915	-278.1118877525228
141	445.2302722748278	-278.1118877525228
142	528.1613348590022	-324.46386904460996
143	491.5822535669149	-324.46386904460996
144	574.5133161510893	-278.1118877525228
145	537.9342348590021	-278.1118877525228
146	620.8652974431762	-324.46386904460996
147	584.2862161510892	-324.46386904460996
148	667.2172787352633	-278.1118877525228
149	630.6381974431763	-278.1118877525228
150	713.5692600273504	-324.46386904460996
151	676.9901787352635	-324.46386904460996
152	759.9212413194377	-278.1118877525228
153	723.3421600273508	-278.1118877525228
154	806.2732226115248	-324.46386904460996
155	769.6941413194377	-324.46386904460996
156	852.625203903612	-278.1118877525228
157	816.046122611525	-278.1118877525228
158	898.9771851956991	-324.46386904460996
159	862.3981039036121	-324.46386904460996
160	18.28954064604357	-370.81585033669717
161	-18.28954064604357	-370.81585033669717
162	64.64152193813071	-417.16783162878426
163	28.062440646043573	-417.16783162878426
164	110.99350323021784	-370.81585033669717
165	74.41442193813072	-370.81585033669717
166	157.345484522305	-417.16783162878426
167	120.76640323021783	-417.16783162878426
168	203.69746581439213	-370.81585033669717
169	167.11838452230498	-370.81585033669717
170	250.04944710647925	-417.16783162878426
171	213.4703658143921	-417.16783162878426
172	296.40142839856634	-370.81585033669717
173	259.82234710647924	-370.81585033669717
174	342.7534096906536	-417.16783162878426
175	306.1743283985664	-417.16783162878426
176	389.1053909827407	-370.81585033669717
177	352.52630969065353	-370.81585033669717
178	435.45737227482783	-417.16783162878426
179	398.8782909827407	-417.16783162878426
180	481.809353566915	-370.81585033669717
181	445.2302722748278	-370.81585033669717
182	528.1613348590022	-417.16783162878426
183	491.5822535669149	-417.16783162878426
184	574.5133161510893	-370.81585033669717
185	537.9342348590021	-370.81585033669717
186	620.8652974431762	-417.16783162878426
187	584.2862161510892	-417.16783162878426
188	667.2172787352633	-370.81585033669717
189	630.6381974431763	-370.81585033669717
190	713.5692600273504	-417.16783162878426
191	676.9901787352635	-417.16783162878426
192	759.9212413194377	-370.81585033669717
193	723.3421600273508	-370.81585033669717
194	806.2732226115248	-417.16783162878426
195	769.6941413194377	-417.16783162878426
196	852.625203903612	-370.81585033669717
197	816.046122611525	-370.81585033669717
198	898.9771851956991	-417.16783162878426
199	862.3981039036121	-417.16783162878426
200	18.28954064604357	-463.51981292087135
201	-18.28954064604357	-463.51981292087135
202	64.64152193813071	-509.87179421295855
203	28.062440646043573	-509.87179421295855
204	110.99350323021784	-463.51981292087135
205	74.41442193813072	-463.51981292087135
206	157.345484522305	-509.87179421295855
207	120.76640323021783	-509.87179421295855
208	203.69746581439213	-463.51981292087135
209	167.11838452230498	-463.51981292087135
210	250.04944710647925	-509.87179421295855
211	213.4703658143921	-509.87179421295855
212	296.40142839856634	-463.51981292087135
213	259.82234710647924	-463.51981292087135
214	342.7534096906536	-509.87179421295855
215	306.1743283985664	-509.87179421295855
216	389.1053909827407	-463.51981292087135
217	352.52630969065353	-463.51981292087135
218	435.45737227482783	-509.87179421295855
219	398.8782909827407	-509.87179421295855
220	481.809353566915	-463.51981292087135
221	445.2302722748278	-463.51981292087135
222	528.1613348590022	-509.87179421295855
223	491.5822535669149	-509.87179421295855
224	574.5133161510893	-463.51981292087135
225	537.9342348590021	-463.51981292087135
226	620.8652974431762	-509.87179421295855
227	584.2862161510892	-509.87179421295855
228	667.2172787352633	-463.51981292087135
229	630.6381974431763	-463.51981292087135
230	713.5692600273504	-509.87179421295855
231	676.9901787352635	-509.87179421295855
232	759.9212413194377	-463.51981292087135
233	723.3421600273508	-463.51981292087135
234	806.2732226115248	-509.87179421295855
235	769.6941413194377	-509.87179421295855
236	852.625203903612	-463.51981292087135
237	816.046122611525	-463.51981292087135
238	898.9771851956991	-509.87179421295855
239	862.3981039036121	-509.87179421295855
240	18.28954064604357	-556.2237755050456
241	-18.28954064604357	-556.2237755050456
242	64.64152193813071	-602.5757567971327
243	28.062440646043573	-602.5757567971327
244	110.99350323021784	-556.2237755050456
245	74.41442193813072	-556.2237755050456
246	157.345484522305	-602.5757567971327
247	120.76640323021783	-602.5757567971327
248	203.69746581439213	-556.2237755050456
249	167.11838452230498	-556.2237755050456
250	250.04944710647925	-602.5757567971327
251	213.4703658143921	-602.5757567971327
252	296.40142839856634	-556.2237755050456
253	259.82234710647924	-556.2237755050456
254	342.7534096906536	-602.5757567971327
255	306.1743283985664	-602.5757567971327
256	389.1053909827407	-556.2237755050456
257	352.52630969065353	-556.2237755050456
258	435.45737227482783	-602.5757567971327
259	398.8782909827407	-602.5757567971327
260	481.809353566915	-556.2237755050456
261	445.2302722748278	-556.2237755050456
262	528.1613348590022	-602.5757567971327
263	491.5822535669149	-602.5757567971327
264	574.5133161510893	-556.2237755050456
265	537.9342348590021	-556.2237755050456
266	620.8652974431762	-602.5757567971327
267	584.2862161510892	-602.5757567971327
268	667.2172787352633	-556.2237755050456
269	630.6381974431763	-556.2237755050456
270	713.5692600273504	-602.5757567971327
271	676.9901787352635	-602.5757567971327
272	759.9212413194377	-556.2237755050456
273	723.3421600273508	-556.2237755050456
274	806.2732226115248	-602.5757567971327
275	769.6941413194377	-602.5757567971327
276	852.625203903612	-556.2237755050456
277	816.046122611525	-556.2237755050456
278	898.9771851956991	-602.5757567971327
279	862.3981039036121	-602.5757567971327
280	18.28954064604357	-648.9277380892199
281	-18.28954064604357	-648.9277380892199
282	64.64152193813071	-695.279719381307
283	28.062440646043573	-695.279719381307
284	110.99350323021784	-648.9277380892199
285	74.41442193813072	-648.9277380892199
286	157.345484522305	-695.279719381307
287	120.76640323021783	-695.279719381307
288	203.69746581439213	-648.9277380892199
289	167.11838452230498	-648.9277380892199
290	250.04944710647925	-695.279719381307
291	213.4703658143921	-695.279719381307
292	296.40142839856634	-648.9277380892199
293	259.82234710647924	-648.9277380892199
294	342.7534096906536	-695.279719381307
295	306.1743283985664	-695.279719381307
296	389.1053909827407	-648.9277380892199
297	352.52630969065353	-648.9277380892199
298	435.45737227482783	-695.279719381307
299	398.8782909827407	-695.279719381307
300	481.809353566915	-648.9277380892199
301	445.2302722748278	-648.9277380892199
302	528.1613348590022	-695.279719381307
303	491.5822535669149	-695.279719381307
304	574.5133161510893	-648.9277380892199
305	537.9342348590021	-648.9277380892199
306	620.8652974431762	-695.279719381307
307	584.2862161510892	-695.279719381307
308	667.2172787352633	-648.9277380892199
309	630.6381974431763	-648.9277380892199
310	713.5692600273504	-695.279719381307
311	676.9901787352635	-695.279719381307
312	759.9212413194377	-648.9277380892199
313	723.3421600273508	-648.9277380892199
314	806.2732226115248	-695.279719381307
315	769.6941413194377	-695.279719381307
316	852.625203903612	-648.9277380892199
317	816.046122611525	-648.9277380892199
318	898.9771851956991	-695.279719381307
319	862.3981039036121	-695.279719381307
320	18.28954064604357	-741.6317006733943
321	-18.28954064604357	-741.6317006733943
322	64.64152193813071	-787.9836819654813
323	28.062440646043573	-787.9836819654813
324	110.99350323021784	-741.6317006733943
325	74.41442193813072	-741.6317006733943
326	157.345484522305	-787.9836819654813
327	120.76640323021783	-787.9836819654813
328	203.69746581439213	-741.6317006733943
329	167.11838452230498	-741.6317006733943
330	250.04944710647925	-787.9836819654813
331	213.4703658143921	-787.9836819654813
332	296.40142839856634	-741.6317006733943
333	259.82234710647924	-741.6317006733943
334	342.7534096906536	-787.9836819654813
335	306.1743283985664	-787.9836819654813
336	389.1053909827407	-741.6317006733943
337	352.52630969065353	-741.6317006733943
338	435.45737227482783	-787.9836819654813
339	398.8782909827407	-787.9836819654813
340	481.809353566915	-741.6317006733943
341	445.2302722748278	-741.6317006733943
342	528.1613348590022	-787.9836819654813
343	491.5822535669149	-787.9836819654813
344	574.5133161510893	-741.6317006733943
345	537.9342348590021	-741.6317006733943
346	620.8652974431762	-787.9836819654813
347	584.2862161510892	-787.9836819654813
348	667.2172787352633	-741.6317006733943
349	630.6381974431763	-741.6317006733943
350	713.5692600273504	-787.9836819654813
351	676.9901787352635	-787.9836819654813
352	759.9212413194377	-741.6317006733943
353	723.3421600273508	-741.6317006733943
354	806.2732226115248	-787.9836819654813
355	769.6941413194377	-787.9836819654813
356	852.625203903612	-741.6317006733943
357	816.046122611525	-741.6317006733943
358	898.9771851956991	-787.9836819654813
359	862.3981039036121	-787.9836819654813
360	18.28954064604357	-834.3356632575685
361	-18.28954064604357	-834.3356632575685
362	64.64152193813071	-880.6876445496556
363	28.062440646043573	-880.6876445496556
364	110.99350323021784	-834.3356632575685
365	74.41442193813072	-834.3356632575685
366	157.345484522305	-880.6876445496556
367	120.76640323021783	-880.6876445496556
368	203.69746581439213	-834.3356632575685
369	167.11838452230498	-834.3356632575685
370	250.04944710647925	-880.6876445496556
371	213.4703658143921	-880.6876445496556
372	296.40142839856634	-834.3356632575685
373	259.82234710647924	-834.3356632575685
374	342.7534096906536	-880.6876445496556
375	306.1743283985664	-880.6876445496556
376	389.1053909827407	-834.3356632575685
377	352.52630969065353	-834.3356632575685
378	435.45737227482783	-880.6876445496556
379	398.8782909827407	-880.6876445496556
380	481.809353566915	-834.3356632575685
381	445.2302722748278	-834.3356632575685
382	528.1613348590022	-880.6876445496556
383	491.5822535669149	-880.6876445496556
384	574.5133161510893	-834.3356632575685
385	537.9342348590021	-834.3356632575685
386	620.8652974431762	-880.6876445496556
387	584.2862161510892	-880.6876445496556
388	667.2172787352633	-834.3356632575685
389	630.6381974431763	-834.3356632575685
390	713.5692600273504	-880.6876445496556
391	676.9901787352635	-880.6876445496556
392	759.9212413194377	-834.3356632575685
393	723.3421600273508	-834.3356632575685
394	806.2732226115248	-880.6876445496556
395	769.6941413194377	-880.6876445496556
396	852.625203903612	-834.3356632575685
397	816.046122611525	-834.3356632575685
398	898.9771851956991	-880.6876445496556
399	862.3981039036121	-880.6876445496556
400	46.351981292087146	18.28954064604357
401	46.351981292087146	-18.28954064604357
402	0.0	-28.062440646043573
403	0.0	-64.64152193813071
404	139.0559438762614	18.28954064604357
405	139.0559438762614	-18.28954064604357
406	92.70396258417429	-28.062440646043573
407	92.70396258417429	-64.64152193813071
408	231.75990646043567	18.28954064604357
409	231.75990646043567	-18.28954064604357
410	185.40792516834858	-28.062440646043573
411	185.40792516834858	-64.64152193813071
412	324.46386904460996	18.28954064604357
413	324.46386904460996	-18.28954064604357
414	278.1118877525228	-28.062440646043573
415	278.1118877525228	-64.64152193813071
416	417.16783162878426	18.28954064604357
417	417.16783162878426	-18.28954064604357
418	370.81585033669717	-28.062440646043573
419	370.81585033669717	-64.64152193813071
420	509.87179421295855	18.28954064604357
421	509.87179421295855	-18.28954064604357
422	463.51981292087135	-28.062440646043573
423	463.51981292087135	-64.64152193813071
424	602.5757567971327	18.28954064604357
425	602.5757567971327	-18.28954064604357
426	556.2237755050456	-28.062440646043573
427	556.2237755050456	-64.64152193813071
428	695.279719381307	18.28954064604357
429	695.279719381307	-18.28954064604357
430	648.9277380892199	-28.062440646043573
431	648.9277380892199	-64.64152193813071
432	787.9836819654813	18.28954064604357
433	787.9836819654813	-18.28954064604357
434	741.6317006733943	-28.062440646043573
435	741.6317006733943	-64.64152193813071
436	880.6876445496556	18.28954064604357
437	880.6876445496556	-18.28954064604357
438	834.3356632575685	-28.062440646043573
439	834.3356632575685	-64.64152193813071
440	46.351981292087146	-74.41442193813072
441	46.351981292087146	-110.99350323021784
442	0.0	-120.76640323021783
443	0.0	-157.345484522305
444	139.0559438762614	-74.41442193813072
445	139.0559438762614	-110.99350323021784
446	92.70396258417429	-120.76640323021783
447	92.70396258417429	-157.345484522305
448	231.75990646043567	-74.41442193813072
449	231.75990646043567	-110.99350323021784
450	185.40792516834858	-120.76640323021783
451	185.40792516834858	-157.345484522305
452	324.46386904460996	-74.41442193813072
453	324.46386904460996	-110.99350323021784
454	278.1118877525228	-120.76640323021783
455	278.1118877525228	-157.345484522305
456	417.16783162878426	-74.41442193813072
457	417.16783162878426	-110.99350323021784
458	370.81585033669717	-120.76640323021783
459	370.81585033669717	-157.345484522305
460	509.87179421295855	-74.41442193813072
461	509.87179421295855	-110.99350323021784
462	463.51981292087135	-120.76640323021783
463	463.51981292087135	-157.345484522305
464	602.5757567971327	-74.41442193813072
465	602.5757567971327	-110.99350323021784
466	556.2237755050456	-120.76640323021783
467	556.2237755050456	-157.345484522305
468	695.279719381307	-74.41442193813072
469	695.279719381307	-110.99350323021784
470	648.9277380892199	-120.76640323021783
471	648.9277380892199	-157.345484522305
472	787.9836819654813	-74.41442193813072
473	787.9836819654813	-110.99350323021784
474	741.6317006733943	-120.76640323021783
475	741.6317006733943	-157.345484522305
476	880.6876445496556	-74.41442193813072
477	880.6876445496556	-110.99350323021784
478	834.3356632575685	-120.76640323021783
479	834.3356632575685	-157.345484522305
480	46.351981292087146	-167.11838452230498
481	46.351981292087146	-203.69746581439213
482	0.0	-213.4703658143921
483	0.0	-250.04944710647925
484	139.0559438762614	-167.11838452230498
485	139.0559438762614	-203.69746581439213
486	92.70396258417429	-213.4703658143921
487	92.70396258417429	-250.04944710647925
488	231.75990646043567	-167.11838452230498
489	231.75990646043567	-203.69746581439213
490	185.40792516834858	-213.4703658143921
491	185.40792516834858	-250.04944710647925
492	324.46386904460996	-167.11838452230498
493	324.46386904460996	-203.69746581439213
494	278.1118877525228	-213.4703658143921
495	278.1118877525228	-250.04944710647925
496	417.16783162878426	-167.11838452230498
497	417.16783162878426	-203.69746581439213
498	370.81585033669717	-213.4703658143921
499	370.81585033669717	-250.04944710647925
500	509.87179421295855	-167.11838452230498
501	509.87179421295855	-203.69746581439213
502	463.51981292087135	-213.4703658143921
503	463.51981292087135	-250.04944710647925
504	602.5757567971327	-167.11838452230498
505	602.5757567971327	-203.69746581439213
506	556.2237755050456	-213.4703658143921
507	556.2237755050456	-250.04944710647925
508	695.279719381307	-167.11838452230498
509	695.279719381307	-203.69746581439213
510	648.9277380892199	-213.4703658143921
511	648.9277380892199	-250.04944710647925
512	787.9836819654813	-167.11838452230498
513	787.9836819654813	-203.69746581439213
514	741.6317006733943	-213.4703658143921
515	741.6317006733943	-250.04944710647925
516	880.6876445496556	-167.11838452230498
517	880.6876445496556	-203.69746581439213
518	834.3356632575685	-213.4703658143921
519	834.3356632575685	-250.04944710647925
520	46.351981292087146	-259.82234710647924
521	46.351981292087146	-296.40142839856634
522	0.0	-306.1743283985664
523	0.0	-342.7534096906536
524	139.0559438762614	-259.82234710647924
525	139.0559438762614	-296.40142839856634
526	92.70396258417429	-306.1743283985664
527	92.70396258417429	-342.7534096906536
528	231.75990646043567	-259.82234710647924
529	231.75990646043567	-296.40142839856634
530	185.40792516834858	-306.1743283985664
531	185.40792516834858	-342.7534096906536
532	324.46386904460996	-259.82234710647924
533	324.46386904460996	-296.40142839856634
534	278.1118877525228	-306.1743283985664
535	278.1118877525228	-342.7534096906536
536	417.16783162878426	-259.82234710647924
537	417.16783162878426	-296.40142839856634
538	370.81585033669717	-306.1743283985664
539	370.81585033669717	-342.7534096906536
540	509.87179421295855	-259.82234710647924
541	509.87179421295855	-296.40142839856634
542	463.51981292087135	-306.1743283985664
543	463.51981292087135	-342.7534096906536
544	602.5757567971327	-259.82234710647924
545	602.5757567971327	-296.40142839856634
546	556.2237755050456	-306.1743283985664
547	556.2237755050456	-342.7534096906536
548	695.279719381307	-259.82234710647924
549	695.279719381307	-296.40142839856634
550	648.9277380892199	-306.1743283985664
551	648.9277380892199	-342.7534096906536
552	787.9836819654813	-259.82234710647924
553	787.9836819654813	-296.40142839856634
554	741.6317006733943	-306.1743283985664
555	741.6317006733943	-342.7534096906536
556	880.6876445496556	-259.82234710647924
557	880.6876445496556	-296.40142839856634
558	834.3356632575685	-306.1743283985664
559	834.3356632575685	-342.7534096906536
560	46.351981292087146	-352.52630969065353
561	46.351981292087146	-389.1053909827407
562	0.0	-398.8782909827407
563	0.0	-435.45737227482783
564	139.0559438762614	-352.52630969065353
565	139.0559438762614	-389.1053909827407
566	92.70396258417429	-398.8782909827407
567	92.70396258417429	-435.45737227482783
568	231.75990646043567	-352.52630969065353
569	231.75990646043567	-389.1053909827407
570	185.40792516834858	-398.8782909827407
571	185.40792516834858	-435.45737227482783
572	324.46386904460996	-352.52630969065353
573	324.46386904460996	-389.1053909827407
574	278.1118877525228	-398.8782909827407
575	278.1118877525228	-435.45737227482783
576	417.16783162878426	-352.52630969065353
577	417.16783162878426	-389.1053909827407
578	370.81585033669717	-398.8782909827407
579	370.81585033669717	-435.45737227482783
580	509.87179421295855	-352.52630969065353
581	509.87179421295855	-389.1053909827407
582	463.51981292087135	-398.8782909827407
583	463.51981292087135	-435.45737227482783
584	602.5757567971327	-352.52630969065353
585	602.5757567971327	-389.1053909827407
586	556.2237755050456	-398.8782909827407
587	556.2237755050456	-435.45737227482783
588	695.279719381307	-352.52630969065353
589	695.279719381307	-389.1053909827407
590	648.9277380892199	-398.8782909827407
591	648.9277380892199	-435.45737227482783
592	787.9836819654813	-352.52630969065353
593	787.9836819654813	-389.1053909827407
594	741.6317006733943	-398.8782909827407
595	741.6317006733943	-435.45737227482783
596	880.6876445496556	-352.52630969065353
597	880.6876445496556	-389.1053909827407
598	834.3356632575685	-398.8782909827407
599	834.3356632575685	-435.45737227482783
600	46.351981292087146	-445.2302722748278
601	46.351981292087146	-481.809353566915
602	0.0	-491.5822535669149
603	0.0	-528.1613348590022
604	139.0559438762614	-445.2302722748278
605	139.0559438762614	-481.809353566915
606	92.70396258417429	-491.5822535669149
607	92.70396258417429	-528.1613348590022
608	231.75990646043567	-445.2302722748278
609	231.75990646043567	-481.809353566915
610	185.40792516834858	-491.5822535669149
611	185.40792516834858	-528.1613348590022
612	324.46386904460996	-445.2302722748278
613	324.46386904460996	-481.809353566915
614	278.1118877525228	-491.5822535669149
615	278.1118877525228	-528.1613348590022
616	417.16783162878426	-445.2302722748278
617	417.16783162878426	-481.809353566915
618	370.81585033669717	-491.5822535669149
619	370.81585033669717	-528.1613348590022
620	509.87179421295855	-445.2302722748278
621	509.87179421295855	-481.809353566915
622	463.51981292087135	-491.5822535669149
623	463.51981292087135	-528.1613348590022
624	602.5757567971327	-445.2302722748278
625	602.5757567971327	-481.809353566915
626	556.2237755050456	-491.5822535669149
627	556.2237755050456	-528.1613348590022
628	695.279719381307	-445.2302722748278
629	695.279719381307	-481.809353566915
630	648.9277380892199	-491.5822535669149
631	648.9277380892199	-528.1613348590022
632	787.9836819654813	-445.2302722748278
633	787.9836819654813	-481.809353566915
634	741.6317006733943	-491.5822535669149
635	741.6317006733943	-528.1613348590022
636	880.6876445496556	-445.2302722748278
637	880.6876445496556	-481.809353566915
638	834.3356632575685	-491.5822535669149
639	834.3356632575685	-528.1613348590022
640	46.351981292087146	-537.9342348590021
641	46.351981292087146	-574.5133161510893
642	0.0	-584.2862161510892
643	0.0	-620.8652974431762
644	139.0559438762614	-537.9342348590021
645	139.0559438762614	-574.5133161510893
646	92.70396258417429	-584.2862161510892
647	92.70396258417429	-620.8652974431762
648	231.75990646043567	-537.9342348590021
649	231.75990646043567	-574.5133161510893
650	185.40792516834858	-584.2862161510892
651	185.40792516834858	-620.8652974431762
652	324.46386904460996	-537.9342348590021
653	324.46386904460996	-574.5133161510893
654	278.1118877525228	-584.2862161510892
655	278.1118877525228	-620.8652974431762
656	417.16783162878426	-537.9342348590021
657	417.16783162878426	-574.5133161510893
658	370.81585033669717	-584.2862161510892
659	370.81585033669717	-620.8652974431762
660	509.87179421295855	-537.9342348590021
661	509.87179421295855	-574.5133161510893
662	463.51981292087135	-584.2862161510892
663	463.51981292087135	-620.8652974431762
664	602.5757567971327	-537.9342348590021
665	602.5757567971327	-574.5133161510893
666	556.2237755050456	-584.2862161510892
667	556.2237755050456	-620.8652974431762
668	695.279719381307	-537.9342348590021
669	695.279719381307	-574.5133161510893
670	648.9277380892199	-584.2862161510892
671	648.9277380892199	-620.8652974431762
672	787.9836819654813	-537.9342348590021
673	787.9836819654813	-574.5133161510893
674	741.6317006733943	-584.2862161510892
675	741.6317006733943	-620.8652974431762
676	880.6876445496556	-537.9342348590021
677	880.6876445496556	-574.5133161510893
678	834.3356632575685	-584.2862161510892
679	834.3356632575685	-620.8652974431762
680	46.351981292087146	-630.6381974431763
681	46.351981292087146	-667.2172787352633
682	0.0	-676.9901787352635
683	0.0	-713.5692600273504
684	139.0559438762614	-630.6381974431763
685	139.0559438762614	-667.2172787352633
686	92.70396258417429	-676.9901787352635
687	92.70396258417429	-713.5692600273504
688	231.75990646043567	-630.6381974431763
689	231.75990646043567	-667.2172787352633
690	185.40792516834858	-676.9901787352635
691	185.40792516834858	-713.5692600273504
692	324.46386904460996	-630.6381974431763
693	324.46386904460996	-667.2172787352633
694	278.1118877525228	-676.9901787352635
695	278.1118877525228	-713.5692600273504
696	417.16783162878426	-630.6381974431763
697	417.16783162878426	-667.2172787352633
698	370.81585033669717	-676.9901787352635
699	370.81585033669717	-713.5692600273504
700	509.87179421295855	-630.6381974431763
701	509.87179421295855	-667.2172787352633
702	463.51981292087135	-676.9901787352635
703	463.51981292087135	-713.5692600273504
704	602.5757567971327	-630.6381974431763
705	602.5757567971327	-667.2172787352633
706	556.2237755050456	-676.9901787352635
707	556.2237755050456	-713.5692600273504
708	695.279719381307	-630.6381974431763
709	695.279719381307	-667.2172787352633
710	648.9277380892199	-676.9901787352635
711	648.9277380892199	-713.5692600273504
712	787.9836819654813	-630.6381974431763
713	787.9836819654813	-667.2172787352633
714	741.6317006733943	-676.9901787352635
715	741.6317006733943	-713.5692600273504
716	880.6876445496556	-630.6381974431763
717	880.6876445496556	-667.2172787352633
718	834.3356632575685	-676.9901787352635
719	834.3356632575685	-713.5692600273504
720	46.351981292087146	-723.3421600273508
721	46.351981292087146	-759.9212413194377
722	0.0	-769.6941413194377
723	0.0	-806.2732226115248
724	139.0559438762614	-723.3421600273508
725	139.0559438762614	-759.9212413194377
726	92.70396258417429	-769.6941413194377
727	92.70396258417429	-806.2732226115248
728	231.75990646043567	-723.3421600273508
729	231.75990646043567	-759.9212413194377
730	185.40792516834858	-769.6941413194377
731	185.40792516834858	-806.2732226115248
732	324.46386904460996	-723.3421600273508
733	324.46386904460996	-759.9212413194377
734	278.1118877525228	-769.6941413194377
735	278.1118877525228	-806.2732226115248
736	417.16783162878426	-723.3421600273508
737	417.16783162878426	-759.9212413194377
738	370.81585033669717	-769.6941413194377
739	370.81585033669717	-806.2732226115248
740	509.87179421295855	-723.3421600273508
741	509.87179421295855	-759.9212413194377
742	463.51981292087135	-769.6941413194377
743	463.51981292087135	-806.2732226115248
744	602.5757567971327	-723.3421600273508
745	602.5757567971327	-759.9212413194377
746	556.2237755050456	-769.6941413194377
747	556.2237755050456	-806.2732226115248
748	695.279719381307	-723.3421600273508
749	695.279719381307	-759.9212413194377
750	648.9277380892199	-769.6941413194377
751	648.9277380892199	-806.2732226115248
752	787.9836819654813	-723.3421600273508
753	787.9836819654813	-759.9212413194377
754	741.6317006733943	-769.6941413194377
755	741.6317006733943	-806.2732226115248
756	880.6876445496556	-723.3421600273508
757	880.6876445496556	-759.9212413194377
758	834.3356632575685	-769.6941413194377
759	834.3356632575685	-806.2732226115248
760	46.351981292087146	-816.046122611525
761	46.351981292087146	-852.625203903612
762	0.0	-862.3981039036121
763	0.0	-898.9771851956991
764	139.0559438762614	-816.046122611525
765	139.0559438762614	-852.625203903612
766	92.70396258417429	-862.3981039036121
767	92.70396258417429	-898.9771851956991
768	231.75990646043567	-816.046122611525
769	231.75990646043567	-852.625203903612
770	185.40792516834858	-862.3981039036121
771	185.40792516834858	-898.9771851956991
772	324.46386904460996	-816.046122611525
773	324.46386904460996	-852.625203903612
774	278.1118877525228	-862.3981039036121
775	278.1118877525228	-898.9771851956991
776	417.16783162878426	-816.046122611525
777	417.16783162878426	-852.625203903612
778	370.81585033669717	-862.3981039036121
779	370.81585033669717	-898.9771851956991
780	509.87179421295855	-816.046122611525
781	509.87179421295855	-852.625203903612
782	463.51981292087135	-862.3981039036121
783	463.51981292087135	-898.9771851956991
784	602.5757567971327	-816.046122611525
785	602.5757567971327	-852.625203903612
786	556.2237755050456	-862.3981039036121
787	556.2237755050456	-898.9771851956991
788	695.279719381307	-816.046122611525
789	695.279719381307	-852.625203903612
790	648.9277380892199	-862.3981039036121
791	648.9277380892199	-898.9771851956991
792	787.9836819654813	-816.046122611525
793	787.9836819654813	-852.625203903612
794	741.6317006733943	-862.3981039036121
795	741.6317006733943	-898.9771851956991
796	880.6876445496556	-816.046122611525
797	880.6876445496556	-852.625203903612
798	834.3356632575685	-862.3981039036121
799	834.3356632575685	-898.9771851956991
