time	coordination	charge	err	sec	mT
0	3	-0.0017777777777777779	0.011547255909955841	0	0.0
0	4	0.0067555555555555554	0.018808239069570427	0	0.0
5	3	-0.0017777777777777779	0.011547255909955841	5	0.0625
5	4	0.0067555555555555554	0.018808239069570427	5	0.0625
10	3	-0.0018666666666666666	0.011547255286498385	10	0.125
10	4	0.0067555555555555554	0.018808239069570427	10	0.125
15	3	-0.0018666666666666666	0.011547255286498402	15	0.1875
15	4	0.0067555555555555554	0.018808239069570437	15	0.1875
20	3	-0.0012444444444444445	0.011547259012036312	20	0.25
20	4	0.005511111111111111	0.018822554174115866	20	0.25
25	3	-0.0012444444444444445	0.011547259012036305	25	0.3125
25	4	0.005688888888888889	0.018793139638161004	25	0.3125
30	3	-0.0022222222222222222	0.011548620972962552	30	0.375
30	4	0.007288888888888889	0.01880233859904885	30	0.375
35	3	-0.0018666666666666666	0.011553412188399401	35	0.4375
35	4	0.0067555555555555554	0.01880823906957045	35	0.4375
40	3	-0.0024	0.011554091709271488	40	0.5
40	4	0.008355555555555555	0.018800618017517944	40	0.5
45	3	-0.002311111111111111	0.011552724678442029	45	0.5625
45	4	0.007822222222222222	0.018796434931019644	45	0.5625
50	3	-0.002488888888888889	0.011549302736995726	50	0.625
50	4	0.007822222222222222	0.018786342729277133	50	0.625
55	3	-0.0008	0.011554785413993017	55	0.6875
55	4	0.004977777777777778	0.018786428872333494	55	0.6875
60	3	-0.0013333333333333333	0.011547942833175381	60	0.75
60	4	0.006044444444444444	0.018779669928664623	60	0.75
65	3	-0.0009777777777777777	0.01154726015250686	65	0.8125
65	4	0.005688888888888889	0.018784728371230873	65	0.8125
70	3	-0.001511111111111111	0.011547941860031411	70	0.875
70	4	0.0071111111111111115	0.018791414626020873	70	0.875
75	3	-0.002311111111111111	0.011544514257338627	75	0.9375
75	4	0.008355555555555555	0.018785481052646272	75	0.9375
80	3	-0.0014222222222222223	0.011543836180519192	80	1.0
80	4	0.0071111111111111115	0.01878636785437608	80	1.0
85	3	-0.0008888888888888889	0.011541100288143908	85	1.0625
85	4	0.005511111111111111	0.01878220896861615	85	1.0625
90	3	-0.00044444444444444447	0.011548630095647827	90	1.125
90	4	0.004977777777777778	0.0187813807609598	90	1.125
95	3	-0.00017777777777777779	0.011550682835893914	95	1.1875
95	4	0.005333333333333333	0.018783054939834662	95	1.1875
100	3	-0.0008	0.011547260760757787	100	1.25
100	4	0.006044444444444444	0.018794811573699655	100	1.25
105	3	-0.0006222222222222223	0.011547945509320978	105	1.3125
105	4	0.005688888888888889	0.01877462987669089	105	1.3125
110	3	-0.00035555555555555557	0.011540416898394542	110	1.375
110	4	0.005333333333333333	0.018764535230592974	110	1.375
115	3	0.0	0.011543840074479138	115	1.4375
115	4	0.004622222222222222	0.018759498001771045	115	1.4375
120	3	0.0	0.011552050974746413	120	1.5
120	4	0.004088888888888889	0.018760351436852188	120	1.5
125	3	-0.00017777777777777779	0.011553418830000469	125	1.5625
125	4	0.004088888888888889	0.018772141446944505	125	1.5625
130	3	0.0002666666666666667	0.011546577553132849	130	1.625
130	4	0.0033777777777777777	0.018768786202675226	130	1.625
135	3	0.0011555555555555555	0.011554100219746509	135	1.6875
135	4	0.0016	0.018767123026925493	135	1.6875
140	3	0.00044444444444444447	0.01155547008135515	140	1.75
140	4	0.0026666666666666666	0.018773847877070357	140	1.75
145	3	0.0011555555555555555	0.01155204840595165	145	1.8125
145	4	0.0014222222222222223	0.018764597816820612	145	1.8125
150	3	0.0012444444444444445	0.011552047995552444	150	1.875
150	4	0.0012444444444444445	0.018748589977957215	150	1.875
155	3	0.0019555555555555554	0.011556146882946898	155	1.9375
155	4	-0.0005333333333333334	0.01876881254882791	155	1.9375
160	3	0.001511111111111111	0.01155136256292567	160	2.0
160	4	0.0010666666666666667	0.018767968480541443	160	2.0
165	3	0.0013333333333333333	0.011556834553967337	165	2.0625
165	4	0.0008888888888888889	0.018773862842443922	165	2.0625
170	3	0.0008888888888888889	0.011552049454749568	170	2.125
170	4	0.0021333333333333334	0.018766276187792846	170	2.125
175	3	-0.00035555555555555557	0.011548630232488106	175	2.1875
175	4	0.004088888888888889	0.018775508661431527	175	2.1875
180	3	-0.00017777777777777779	0.011549314595785174	180	2.25
180	4	0.0026666666666666666	0.01876037420058003	180	2.25
185	3	-0.0008	0.011555469230408776	185	2.3125
185	4	0.004266666666666667	0.018759505490183095	185	2.3125
190	3	-0.0012444444444444445	0.011551363976606699	190	2.375
190	4	0.005333333333333333	0.01877295554510951	190	2.375
195	3	-0.0018666666666666666	0.011549992092532393	195	2.4375
195	4	0.0067555555555555554	0.018751014107092286	195	2.4375
200	3	-0.0016	0.011550677971327297	200	2.5
200	4	0.005688888888888889	0.01876789452826131	200	2.5
205	3	-0.0016888888888888889	0.011546572200207	205	2.5625
205	4	0.006044444444444444	0.018751035683468698	205	2.5625
210	3	-0.001511111111111111	0.011547257597852651	210	2.625
210	4	0.005866666666666667	0.018765363283396688	210	2.625
215	3	0.00017777777777777779	0.011554786584113444	215	2.6875
215	4	0.002311111111111111	0.018746895036686684	215	2.6875
220	3	-0.0006222222222222223	0.011556837228053961	220	2.75
220	4	0.003022222222222222	0.01874014072477696	220	2.75
225	3	-0.0010666666666666667	0.011561620801339864	225	2.8125
225	4	0.004266666666666667	0.01875613540271054	225	2.8125
230	3	-0.0009777777777777777	0.011556836134109492	230	2.875
230	4	0.0044444444444444444	0.018763713579836815	230	2.875
235	3	0.0002666666666666667	0.011555470324482637	235	2.9375
235	4	0.0021333333333333334	0.018756167758428904	235	2.9375
240	3	0.0002666666666666667	0.011554102651309671	240	3.0
240	4	0.0026666666666666666	0.01875363373223968	240	3.0
245	3	0.0006222222222222223	0.011554785900276846	245	3.0625
245	4	0.0019555555555555554	0.018765435748443356	245	3.0625
250	3	0.0016	0.01155478172127452	250	3.125
250	4	-0.00035555555555555557	0.018756178244066432	250	3.125
255	3	0.0012444444444444445	0.011557518689733504	255	3.1875
255	4	0.0	0.018746064669346207	255	3.1875
260	3	0.0017777777777777779	0.011553412811524588	260	3.25
260	4	-0.0017777777777777779	0.01873593783762534	260	3.25
265	3	0.0007111111111111111	0.011550681923787836	265	3.3125
265	4	0.00035555555555555557	0.01872413223369568	265	3.3125
270	3	0.0018666666666666666	0.011553412188399401	270	3.375
270	4	-0.002311111111111111	0.01870807625373292	270	3.375
275	3	0.0028444444444444446	0.011550667330080706	275	3.4375
275	4	-0.0037333333333333333	0.018711434576263196	275	3.4375
280	3	0.004088888888888889	0.011547229815951665	280	3.5
280	4	-0.006577777777777778	0.01871136490515265	280	3.5
285	3	0.003288888888888889	0.011539026852255	285	3.5625
285	4	-0.004622222222222222	0.018720705352026332	285	3.5625
290	3	0.003022222222222222	0.011543137984436236	290	3.625
290	4	-0.004266666666666667	0.018681839669424508	290	3.625
295	3	0.0036444444444444445	0.01154997324119802	295	3.6875
295	4	-0.005688888888888889	0.01869364553031891	295	3.6875
300	3	0.004622222222222222	0.01155269385466528	300	3.75
300	4	-0.007288888888888889	0.0186927507224831	300	3.75
305	3	0.0067555555555555554	0.011552647162870498	305	3.8125
305	4	-0.012622222222222222	0.01866203661098181	305	3.8125
310	3	0.0056	0.011543779702741376	310	3.875
310	4	-0.0096	0.018664736913911933	310	3.875
315	3	0.006222222222222222	0.01154992430359855	315	3.9375
315	4	-0.010844444444444445	0.018646886594033765	315	3.9375
320	3	0.007911111111111112	0.011551246549280886	320	4.0
320	4	-0.014222222222222223	0.018644141963331338	320	4.0
325	3	0.00871111111111111	0.011551220965926473	325	4.0625
325	4	-0.015822222222222224	0.018648265198687737	325	4.0625
330	3	0.008	0.011545770160919433	330	4.125
330	4	-0.014755555555555555	0.01867036410594985	330	4.125
335	3	0.0096	0.011542978138747332	335	4.1875
335	4	-0.017955555555555554	0.018644703218134027	335	4.1875
340	3	0.009422222222222222	0.011543669164906723	340	4.25
340	4	-0.01831111111111111	0.018648062708389795	340	4.25
345	3	0.011377777777777778	0.011540167851834036	345	4.3125
345	4	-0.021866666666666666	0.018642636535593688	345	4.3125
350	3	0.010844444444444445	0.011538821191000815	350	4.375
350	4	-0.021155555555555556	0.01864779512855211	350	4.375
355	3	0.01271111111111111	0.011532571769074617	355	4.4375
355	4	-0.024355555555555554	0.018638970978689735	355	4.4375
360	3	0.012444444444444444	0.011538749425545046	360	4.5
360	4	-0.0224	0.0186552918621375	360	4.5
365	3	0.0136	0.011546221699817292	365	4.5625
365	4	-0.02542222222222222	0.01862187864038194	365	4.5625
370	3	0.0136	0.011540745650491593	370	4.625
370	4	-0.024533333333333334	0.018622833278034524	370	4.625
375	3	0.014666666666666666	0.011535208913947152	375	4.6875
375	4	-0.027733333333333332	0.018591857682714485	375	4.6875
380	3	0.013777777777777778	0.011534572610113964	380	4.75
380	4	-0.025066666666666668	0.018596443947747218	380	4.75
385	3	0.01608888888888889	0.011536494566813948	385	4.8125
385	4	-0.0304	0.018590636981244038	385	4.8125
390	3	0.017333333333333333	0.011535729500068205	390	4.875
390	4	-0.032355555555555554	0.018569078600792203	390	4.875
395	3	0.018044444444444443	0.011534311015122136	395	4.9375
395	4	-0.0336	0.01854247943038043	395	4.9375
400	3	0.018488888888888888	0.0115370196151952	400	5.0
400	4	-0.034666666666666665	0.018547418058760045	400	5.0
405	3	0.020355555555555557	0.01153482506557689	405	5.0625
405	4	-0.03768888888888889	0.018505093826686927	405	5.0625
410	3	0.020177777777777777	0.01153894833163163	410	5.125
410	4	-0.037333333333333336	0.018508573683819245	410	5.125
415	3	0.0216	0.011538833897518239	415	5.1875
415	4	-0.04	0.01849184739571676	415	5.1875
420	3	0.021777777777777778	0.011531283973382893	420	5.25
420	4	-0.04017777777777778	0.01848582967443011	420	5.25
425	3	0.022577777777777776	0.011526417948252078	425	5.3125
425	4	-0.04231111111111111	0.018463164776927055	425	5.3125
430	3	0.022488888888888888	0.011519568440348084	430	5.375
430	4	-0.041777777777777775	0.01844700228116815	430	5.375
435	3	0.02408888888888889	0.011513935875065766	435	5.4375
435	4	-0.04551111111111111	0.01843850465401906	435	5.4375
440	3	0.025155555555555556	0.011509716141196927	440	5.5
440	4	-0.047822222222222224	0.01841825996962588	440	5.5
445	3	0.027555555555555555	0.011507412105595787	445	5.5625
445	4	-0.052977777777777776	0.018414431274978847	445	5.5625
450	3	0.026755555555555557	0.011499253300000912	450	5.625
450	4	-0.051555555555555556	0.018397617793532516	450	5.625
455	3	0.0288	0.011505216502340718	455	5.6875
455	4	-0.05528888888888889	0.01837000382729568	455	5.6875
460	3	0.030044444444444443	0.011500266510575922	460	5.75
460	4	-0.058133333333333335	0.01832960457963542	460	5.75
465	3	0.029333333333333333	0.01149485020157694	465	5.8125
465	4	-0.05653333333333333	0.01832401319058515	465	5.8125
470	3	0.03217777777777778	0.011501384103949332	470	5.875
470	4	-0.06222222222222222	0.018275737563622118	470	5.875
475	3	0.03262222222222222	0.011496518344663975	475	5.9375
475	4	-0.0632888888888889	0.018256377287705544	475	5.9375
480	3	0.03306666666666667	0.011488211278316434	480	6.0
480	4	-0.06453333333333333	0.01824473267398069	480	6.0
485	3	0.03573333333333333	0.011483728702374896	485	6.0625
485	4	-0.06968888888888888	0.018186650352210582	485	6.0625
490	3	0.037955555555555555	0.011477905788920235	490	6.125
490	4	-0.07324444444444445	0.018176715752508153	490	6.125
495	3	0.03902222222222222	0.01147017161745053	495	6.1875
495	4	-0.07626666666666666	0.018157341884534942	495	6.1875
500	3	0.040711111111111115	0.01147404334900923	500	6.25
500	4	-0.08	0.018158524872983636	500	6.25
505	3	0.042755555555555554	0.011466824084775108	505	6.3125
505	4	-0.08426666666666667	0.018109746049747574	505	6.3125
510	3	0.04426666666666667	0.011461055121759217	510	6.375
510	4	-0.08693333333333333	0.018095529873987472	510	6.375
515	3	0.04515555555555555	0.011465036879409161	515	6.4375
515	4	-0.08888888888888889	0.018116507106007977	515	6.4375
520	3	0.047822222222222224	0.011452833564339912	520	6.5
520	4	-0.09457777777777777	0.01808425787266223	520	6.5
525	3	0.050755555555555554	0.011449512294148966	525	6.5625
525	4	-0.1000888888888889	0.01805800660377113	525	6.5625
530	3	0.051555555555555556	0.011444521470262339	530	6.625
530	4	-0.10151111111111111	0.01806605079956514	530	6.625
535	3	0.05351111111111111	0.011442741507797028	535	6.6875
535	4	-0.10488888888888889	0.018031936344998136	535	6.6875
540	3	0.056	0.011442902692309784	540	6.75
540	4	-0.10968888888888889	0.0180074699313886	540	6.75
545	3	0.058133333333333335	0.01143897653447779	545	6.8125
545	4	-0.11395555555555556	0.017991065076803647	545	6.8125
550	3	0.06071111111111111	0.011435617827935306	550	6.875
550	4	-0.11982222222222222	0.01794985704179555	550	6.875
555	3	0.06364444444444445	0.01143214456784824	555	6.9375
555	4	-0.12515555555555555	0.01793428870665298	555	6.9375
560	3	0.06586666666666667	0.011420520429771352	560	7.0
560	4	-0.13048888888888888	0.017916801675268577	560	7.0
565	3	0.06924444444444444	0.011423091459659546	565	7.0625
565	4	-0.13706666666666667	0.01789036436875354	565	7.0625
570	3	0.07235555555555556	0.011422926137280187	570	7.125
570	4	-0.14417777777777777	0.01787832445153331	570	7.125
575	3	0.076	0.011408722552255068	575	7.1875
575	4	-0.15235555555555555	0.017845746817932686	575	7.1875
580	3	0.08	0.011400578230658407	580	7.25
580	4	-0.1585777777777778	0.017788587186021557	580	7.25
585	3	0.08186666666666667	0.011406225624706624	585	7.3125
585	4	-0.16213333333333332	0.017778627689801346	585	7.3125
590	3	0.08542222222222222	0.011404373848668941	590	7.375
590	4	-0.16977777777777778	0.017710819072892944	590	7.375
595	3	0.08773333333333333	0.011398742651476895	595	7.4375
595	4	-0.17386666666666667	0.017663505359305512	595	7.4375
600	3	0.09155555555555556	0.011396019891225944	600	7.5
600	4	-0.1816888888888889	0.01759553499888113	600	7.5
605	3	0.09555555555555556	0.011390398792677059	605	7.5625
605	4	-0.18986666666666666	0.017573474760049234	605	7.5625
610	3	0.09946666666666666	0.011385441016177654	610	7.625
610	4	-0.1968	0.01753878138697147	610	7.625
615	3	0.10053333333333334	0.0113871065132657	615	7.6875
615	4	-0.20035555555555556	0.017486466259068884	615	7.6875
620	3	0.1039111111111111	0.011387840488349291	620	7.75
620	4	-0.20728888888888888	0.017458472783556608	620	7.75
625	3	0.10657777777777777	0.011377025913964918	625	7.8125
625	4	-0.2126222222222222	0.017405619275918976	625	7.8125
630	3	0.10977777777777778	0.011363859062660166	630	7.875
630	4	-0.21937777777777778	0.017372712195973264	630	7.875
635	3	0.11413333333333334	0.011359169574194793	635	7.9375
635	4	-0.22826666666666667	0.0172657748726766	635	7.9375
640	3	0.1184	0.011352357202143963	640	8.0
640	4	-0.2369777777777778	0.0172452606870684	640	8.0
645	3	0.12097777777777778	0.011348364425349065	645	8.0625
645	4	-0.24266666666666667	0.017183130785845754	645	8.0625
650	3	0.12346666666666667	0.011342994098525799	650	8.125
650	4	-0.24657777777777778	0.017161612426482342	650	8.125
655	3	0.1272	0.01133419116906079	655	8.1875
655	4	-0.25493333333333335	0.017136928295221995	655	8.1875
660	3	0.13004444444444443	0.011330664487034167	660	8.25
660	4	-0.2606222222222222	0.017077574438894703	660	8.25
665	3	0.13146666666666668	0.01131388323934398	665	8.3125
665	4	-0.2647111111111111	0.017037696707738918	665	8.3125
670	3	0.13528888888888888	0.01131327727808061	670	8.375
670	4	-0.27182222222222224	0.016942137530327115	670	8.375
675	3	0.14151111111111112	0.01129171420772861	675	8.4375
675	4	-0.28444444444444444	0.016849772671148133	675	8.4375
680	3	0.1439111111111111	0.011281964602888227	680	8.5
680	4	-0.28924444444444447	0.01681903236478242	680	8.5
685	3	0.1486222222222222	0.01127083994636424	685	8.5625
685	4	-0.29884444444444447	0.016734365714998225	685	8.5625
690	3	0.1496888888888889	0.011277221378806185	690	8.625
690	4	-0.3022222222222222	0.01670155342299324	690	8.625
695	3	0.15395555555555557	0.011264150740795151	695	8.6875
695	4	-0.31093333333333334	0.016654152459511858	695	8.6875
700	3	0.15733333333333333	0.011263479232157038	700	8.75
700	4	-0.3184	0.016576903790978148	700	8.75
705	3	0.16302222222222224	0.011250756465375357	705	8.8125
705	4	-0.32924444444444445	0.016551378561931715	705	8.8125
710	3	0.1672	0.011251542953717709	710	8.875
710	4	-0.3368888888888889	0.016502301769135867	710	8.875
715	3	0.17315555555555556	0.011234886228797395	715	8.9375
715	4	-0.3488	0.016444769039997323	715	8.9375
720	3	0.1768	0.011220397853017898	720	9.0
720	4	-0.35715555555555556	0.016408604295978162	720	9.0
725	3	0.1816	0.011212762678574531	725	9.0625
725	4	-0.3672888888888889	0.016356853139557214	725	9.0625
730	3	0.1872	0.011199500495762238	730	9.125
730	4	-0.3781333333333333	0.016277689437321385	730	9.125
735	3	0.192	0.011185296785805748	735	9.1875
735	4	-0.38755555555555554	0.016194669639187375	735	9.1875
740	3	0.1976888888888889	0.011171700400189357	740	9.25
740	4	-0.3984	0.016133100534713316	740	9.25
745	3	0.2032	0.011169427109310919	745	9.3125
745	4	-0.4090666666666667	0.016058258432691614	745	9.3125
750	3	0.20977777777777779	0.011156941005501589	750	9.375
750	4	-0.42204444444444444	0.015987898787471363	750	9.375
755	3	0.2137777777777778	0.011160647929356024	755	9.4375
755	4	-0.4289777777777778	0.015952674758827154	755	9.4375
760	3	0.22106666666666666	0.011141576671583449	760	9.5
760	4	-0.4424888888888889	0.015868128916911445	760	9.5
765	3	0.22853333333333334	0.011137007363706115	765	9.5625
765	4	-0.45724444444444445	0.015781905337738964	765	9.5625
770	3	0.23342222222222223	0.011121848113389557	770	9.625
770	4	-0.4672	0.015721823166200063	770	9.625
775	3	0.23928888888888888	0.011107060984090623	775	9.6875
775	4	-0.47964444444444443	0.015627917074341004	775	9.6875
780	3	0.24355555555555555	0.011100803056853847	780	9.75
780	4	-0.488	0.015575507004495	780	9.75
785	3	0.2495111111111111	0.011077817298762433	785	9.8125
785	4	-0.49937777777777775	0.015525102182438825	785	9.8125
790	3	0.25626666666666664	0.011055962397593077	790	9.875
790	4	-0.5121777777777777	0.015451210020801577	790	9.875
795	3	0.25955555555555554	0.011048976700553308	795	9.9375
795	4	-0.5194666666666666	0.01538545725096489	795	9.9375
800	3	0.26568888888888886	0.011030324025398925	800	10.0
800	4	-0.5317333333333333	0.015334767519353885	800	10.0
805	3	0.2704	0.011025234481347039	805	10.0625
805	4	-0.5416888888888889	0.015252039556399357	805	10.0625
810	3	0.2768	0.011018173190265521	810	10.125
810	4	-0.5559111111111111	0.015143993502291557	810	10.125
815	3	0.28328888888888887	0.010999352510840246	815	10.1875
815	4	-0.5672888888888888	0.015087595614274286	815	10.1875
820	3	0.28924444444444447	0.010993898791584102	820	10.25
820	4	-0.5793777777777778	0.015006737362668734	820	10.25
825	3	0.29662222222222223	0.010985877246235702	825	10.3125
825	4	-0.5934222222222222	0.014944129873174864	825	10.3125
830	3	0.30435555555555555	0.010975031893234722	830	10.375
830	4	-0.6074666666666667	0.014848183979113477	830	10.375
835	3	0.3087111111111111	0.01094871454612583	835	10.4375
835	4	-0.6170666666666667	0.014832143437022124	835	10.4375
840	3	0.3145777777777778	0.010937678470552034	840	10.5
840	4	-0.6280888888888889	0.014782407229737043	840	10.5
845	3	0.32133333333333336	0.010928223474979189	845	10.5625
845	4	-0.6423111111111112	0.014710800801638547	845	10.5625
850	3	0.3263111111111111	0.010909359591490229	850	10.625
850	4	-0.6515555555555556	0.014661687002394645	850	10.625
855	3	0.33368888888888887	0.010910304754462417	855	10.6875
855	4	-0.6656	0.014571916445892598	855	10.6875
860	3	0.33964444444444447	0.010891256531129519	860	10.75
860	4	-0.6780444444444444	0.014499039927909982	860	10.75
865	3	0.3450666666666667	0.010869875542519867	865	10.8125
865	4	-0.6896	0.014449416453926082	865	10.8125
870	3	0.35413333333333336	0.010864182518639035	870	10.875
870	4	-0.7073777777777778	0.014344199815513055	870	10.875
875	3	0.35875555555555555	0.010845061139200583	875	10.9375
875	4	-0.7164444444444444	0.014249901454091229	875	10.9375
880	3	0.3658666666666667	0.010835955466455252	880	11.0
880	4	-0.7297777777777777	0.014177369738422914	880	11.0
885	3	0.37191111111111114	0.010818774842640742	885	11.0625
885	4	-0.7422222222222222	0.014074980341612931	885	11.0625
890	3	0.37937777777777776	0.010801395096628993	890	11.125
890	4	-0.7582222222222222	0.013998961264394354	890	11.125
895	3	0.3863111111111111	0.010786072543070542	895	11.1875
895	4	-0.7712	0.013927856767669389	895	11.1875
900	3	0.39315555555555554	0.010769206709791802	900	11.25
900	4	-0.7848888888888889	0.013867690740143742	900	11.25
905	3	0.3983111111111111	0.010776192200838048	905	11.3125
905	4	-0.7959111111111111	0.013740605326397308	905	11.3125
910	3	0.40497777777777777	0.01075045267967954	910	11.375
910	4	-0.8097777777777778	0.013659137475755114	910	11.375
915	3	0.41155555555555556	0.010756253304981764	915	11.4375
915	4	-0.8220444444444445	0.013613593189197583	915	11.4375
920	3	0.42088888888888887	0.01072251758725929	920	11.5
920	4	-0.8401777777777778	0.013535854787855704	920	11.5
925	3	0.43075555555555556	0.010705825896279914	925	11.5625
925	4	-0.8581333333333333	0.013420046004120828	925	11.5625
930	3	0.43493333333333334	0.010685013038469362	930	11.625
930	4	-0.8693333333333333	0.013373548857715146	930	11.625
935	3	0.4411555555555556	0.010672188626868988	935	11.6875
935	4	-0.8805333333333333	0.013276149875250729	935	11.6875
940	3	0.4474666666666667	0.010657538800072853	940	11.75
940	4	-0.8945777777777778	0.013210376027346394	940	11.75
945	3	0.4533333333333333	0.010661346585043346	945	11.8125
945	4	-0.9064888888888889	0.013151222124378113	945	11.8125
950	3	0.45857777777777775	0.010647663199295408	950	11.875
950	4	-0.9178666666666667	0.013088126267706736	950	11.875
955	3	0.4648	0.010624514992647171	955	11.9375
955	4	-0.9299555555555555	0.013016900292667484	955	11.9375
960	3	0.47102222222222223	0.01060488002432203	960	12.0
960	4	-0.9434666666666667	0.012942395981176219	960	12.0
965	3	0.4777777777777778	0.0105847231826594	965	12.0625
965	4	-0.9553777777777778	0.012890258603256884	965	12.0625
970	3	0.48462222222222223	0.010574620938605664	970	12.125
970	4	-0.9676444444444444	0.012829618299865128	970	12.125
975	3	0.4912	0.010555135836809249	975	12.1875
975	4	-0.9829333333333333	0.012777931608668532	975	12.1875
980	3	0.4968	0.010531482736909152	980	12.25
980	4	-0.9948444444444444	0.012709407245365283	980	12.25
985	3	0.5017777777777778	0.010524742978003284	985	12.3125
985	4	-1.0051555555555556	0.012619559211137344	985	12.3125
990	3	0.5072888888888889	0.01050848351064194	990	12.375
990	4	-1.0167111111111111	0.012570987140727163	990	12.375
995	3	0.5118222222222222	0.010501718775357431	995	12.4375
995	4	-1.0263111111111112	0.012519133045800658	995	12.4375
1000	3	0.5199111111111111	0.010466694478408103	1000	12.5
1000	4	-1.0414222222222222	0.012436961995667037	1000	12.5
1005	3	0.5266666666666666	0.010458473891240282	1005	12.5625
1005	4	-1.056	0.012383484085061283	1005	12.5625
1010	3	0.5337777777777778	0.010426535466005079	1010	12.625
1010	4	-1.0677333333333334	0.012321967230259285	1010	12.625
1015	3	0.5394666666666666	0.010424889387427166	1015	12.6875
1015	4	-1.0803555555555555	0.01227151360466613	1015	12.6875
1020	3	0.5447111111111111	0.01040972563065771	1020	12.75
1020	4	-1.0906666666666667	0.012236744358929928	1020	12.75
1025	3	0.5506666666666666	0.010395789425885786	1025	12.8125
1025	4	-1.1025777777777779	0.012186953920015228	1025	12.8125
1030	3	0.5568888888888889	0.010385612944575953	1030	12.875
1030	4	-1.1141333333333334	0.012146630932901529	1030	12.875
1035	3	0.5612444444444444	0.010382799709250929	1035	12.9375
1035	4	-1.1235555555555556	0.01213843291132576	1035	12.9375
1040	3	0.5671111111111111	0.01038537328339818	1040	13.0
1040	4	-1.1368888888888888	0.012086547015998993	1040	13.0
1045	3	0.5733333333333334	0.01033048000494721	1045	13.0625
1045	4	-1.1502222222222223	0.01201472295891223	1045	13.0625
1050	3	0.5777777777777777	0.01032635732469652	1050	13.125
1050	4	-1.1601777777777778	0.011982200739251513	1050	13.125
1055	3	0.584	0.010317683272186167	1055	13.1875
1055	4	-1.1710222222222222	0.011934489695247411	1055	13.1875
1060	3	0.5904	0.010292273006688602	1060	13.25
1060	4	-1.1845333333333334	0.011876731707727019	1060	13.25
1065	3	0.5968	0.010295827244545254	1065	13.3125
1065	4	-1.1976888888888888	0.011831212841730016	1065	13.3125
1070	3	0.6027555555555556	0.010284237862171332	1070	13.375
1070	4	-1.2101333333333333	0.011812130855077017	1070	13.375
1075	3	0.6096888888888888	0.010261437533830136	1075	13.4375
1075	4	-1.2234666666666667	0.011739309985649295	1075	13.4375
1080	3	0.6146666666666667	0.010242060001641415	1080	13.5
1080	4	-1.232888888888889	0.011714926658406196	1080	13.5
1085	3	0.6185777777777778	0.010216905202199457	1085	13.5625
1085	4	-1.2419555555555555	0.011655270705231945	1085	13.5625
1090	3	0.6231111111111111	0.010207750788511986	1090	13.625
1090	4	-1.2522666666666666	0.011627668400633064	1090	13.625
1095	3	0.6272	0.010178775765550471	1095	13.6875
1095	4	-1.2600888888888888	0.01156597302839702	1095	13.6875
1100	3	0.6330666666666667	0.010154064394588502	1100	13.75
1100	4	-1.272	0.01154432935194973	1100	13.75
1105	3	0.6390222222222223	0.01012967255706406	1105	13.8125
1105	4	-1.2849777777777778	0.011508228274540814	1105	13.8125
1110	3	0.6439111111111111	0.0101291730568617	1110	13.875
1110	4	-1.2938666666666667	0.01147732794708987	1110	13.875
1115	3	0.6511111111111111	0.010120413472695385	1115	13.9375
1115	4	-1.3093333333333332	0.011460462610975775	1115	13.9375
1120	3	0.656	0.010075049136794313	1120	14.0
1120	4	-1.319288888888889	0.011408492756942197	1120	14.0
1125	3	0.6613333333333333	0.01005482597616715	1125	14.0625
1125	4	-1.3297777777777777	0.011393040010008086	1125	14.0625
1130	3	0.6660444444444444	0.010045715610282493	1130	14.125
1130	4	-1.3397333333333334	0.011364225292524085	1130	14.125
1135	3	0.6724444444444444	0.010030686682868595	1135	14.1875
1135	4	-1.3518222222222223	0.011295159387629695	1135	14.1875
1140	3	0.676	0.010011380696750293	1140	14.25
1140	4	-1.3587555555555555	0.011258923893287413	1140	14.25
1145	3	0.6808	0.009985050443090842	1145	14.3125
1145	4	-1.3674666666666666	0.011233921316139666	1145	14.3125
1150	3	0.6867555555555556	0.009964528418880386	1150	14.375
1150	4	-1.380088888888889	0.011227535132589606	1150	14.375
1155	3	0.6928888888888889	0.009946433140114069	1155	14.4375
1155	4	-1.392	0.011157124428338534	1155	14.4375
1160	3	0.6987555555555556	0.009941695609663017	1160	14.5
1160	4	-1.402311111111111	0.011130128989671405	1160	14.5
1165	3	0.7034666666666667	0.0099093908831625	1165	14.5625
1165	4	-1.4122666666666666	0.011120457731595925	1165	14.5625
1170	3	0.7084444444444444	0.00989042150574408	1170	14.625
1170	4	-1.4208	0.01108630671149853	1170	14.625
1175	3	0.7128	0.009876502441780208	1175	14.6875
1175	4	-1.4295111111111112	0.011056569279445594	1175	14.6875
1180	3	0.7185777777777778	0.00988029398708885	1180	14.75
1180	4	-1.4394666666666667	0.011041792094014695	1180	14.75
1185	3	0.7218666666666667	0.00985601299425179	1185	14.8125
1185	4	-1.4474666666666667	0.011024666453646607	1185	14.8125
1190	3	0.7274666666666667	0.009826444359282165	1190	14.875
1190	4	-1.4599111111111112	0.010973287271489092	1190	14.875
1195	3	0.7329777777777777	0.009821910609664282	1195	14.9375
1195	4	-1.4691555555555555	0.010958651088715314	1195	14.9375
1200	3	0.7383111111111111	0.009812196200631668	1200	15.0
1200	4	-1.4789333333333334	0.010938337872299414	1200	15.0
1205	3	0.7429333333333333	0.009824866238393183	1205	15.0625
1205	4	-1.4892444444444444	0.010877374282682756	1205	15.0625
1210	3	0.744	0.009811618814288901	1210	15.125
1210	4	-1.4926222222222223	0.010846342686277903	1210	15.125
1215	3	0.7489777777777777	0.0097834710804393	1215	15.1875
1215	4	-1.5034666666666667	0.010813683266800817	1215	15.1875
1220	3	0.7534222222222222	0.00977880176967141	1220	15.25
1220	4	-1.511288888888889	0.010783938531925977	1220	15.25
1225	3	0.7582222222222222	0.009788971867800053	1225	15.3125
1225	4	-1.5223111111111112	0.010751588018770322	1225	15.3125
1230	3	0.7638222222222222	0.00975746308567389	1230	15.375
1230	4	-1.5333333333333334	0.010735811684827443	1230	15.375
1235	3	0.7673777777777778	0.00972638857756664	1235	15.4375
1235	4	-1.5418666666666667	0.010721368610674907	1235	15.4375
1240	3	0.7725333333333333	0.009741545069558384	1240	15.5
1240	4	-1.551288888888889	0.010675621597055972	1240	15.5
1245	3	0.7745777777777778	0.00969773037194971	1245	15.5625
1245	4	-1.5557333333333334	0.010649182339566646	1245	15.5625
1250	3	0.7780444444444444	0.009695988146281274	1250	15.625
1250	4	-1.5616	0.010633683559556583	1250	15.625
1255	3	0.7816	0.00968408570893482	1255	15.6875
1255	4	-1.5681777777777777	0.010629371358657366	1255	15.6875
1260	3	0.7858666666666667	0.009649911488655847	1260	15.75
1260	4	-1.5767111111111112	0.010603354013479378	1260	15.75
1265	3	0.7918222222222222	0.009649562426476813	1265	15.8125
1265	4	-1.5884444444444445	0.010557871764650055	1265	15.8125
1270	3	0.7962666666666667	0.009656232873699254	1270	15.875
1270	4	-1.5966222222222222	0.010504964378005225	1270	15.875
1275	3	0.7978666666666666	0.009654454077654494	1275	15.9375
1275	4	-1.599288888888889	0.010497485753654553	1275	15.9375
1280	3	0.8039111111111111	0.009638702456129628	1280	16.0
1280	4	-1.6110222222222221	0.010458359992859254	1280	16.0
1285	3	0.8087111111111112	0.009612622532795472	1285	16.0625
1285	4	-1.6202666666666667	0.01043110383531676	1285	16.0625
1290	3	0.8110222222222222	0.009607254792097649	1290	16.125
1290	4	-1.6257777777777778	0.010407876632921817	1290	16.125
1295	3	0.8149333333333333	0.009586765598488051	1295	16.1875
1295	4	-1.6337777777777778	0.01037694533159285	1295	16.1875
1300	3	0.8185777777777777	0.0095762564240912	1300	16.25
1300	4	-1.6401777777777777	0.010341962619705573	1300	16.25
1305	3	0.8226666666666667	0.009547437477174176	1305	16.3125
1305	4	-1.6497777777777778	0.010307018185357363	1305	16.3125
1310	3	0.8273777777777778	0.009537614374272628	1310	16.375
1310	4	-1.6595555555555555	0.010270142511503365	1310	16.375
1315	3	0.832	0.009534654709451392	1315	16.4375
1315	4	-1.6675555555555555	0.010279586508142377	1315	16.4375
1320	3	0.8377777777777777	0.009543655455111471	1320	16.5
1320	4	-1.6787555555555556	0.010238905023828604	1320	16.5
1325	3	0.8409777777777778	0.009517034126914365	1325	16.5625
1325	4	-1.6832	0.010218781861411223	1325	16.5625
1330	3	0.8427555555555556	0.00950006625670259	1330	16.625
1330	4	-1.6876444444444445	0.01021702551516041	1330	16.625
1335	3	0.8461333333333333	0.009495037519123737	1335	16.6875
1335	4	-1.6936888888888888	0.010155769404876435	1335	16.6875
1340	3	0.8488888888888889	0.009467421873262391	1340	16.75
1340	4	-1.6993777777777779	0.010155319564578585	1340	16.75
1345	3	0.8528888888888889	0.00946813543618587	1345	16.8125
1345	4	-1.706488888888889	0.010161360037302846	1345	16.8125
1350	3	0.856	0.009455648435001731	1350	16.875
1350	4	-1.712	0.01008645082063804	1350	16.875
1355	3	0.8584	0.009436767188960471	1355	16.9375
1355	4	-1.7192888888888889	0.010121890968103302	1355	16.9375
1360	3	0.8614222222222222	0.009440435199192587	1360	17.0
1360	4	-1.7255111111111112	0.010072927081363047	1360	17.0
1365	3	0.8648	0.009425022675932246	1365	17.0625
1365	4	-1.7306666666666666	0.010049185152200652	1365	17.0625
1370	3	0.8702222222222222	0.009410374246857029	1370	17.125
1370	4	-1.741511111111111	0.009990983503856535	1370	17.125
1375	3	0.8724444444444445	0.009376818683124682	1375	17.1875
1375	4	-1.7459555555555555	0.00996787284098539	1375	17.1875
1380	3	0.8778666666666667	0.009339927868247474	1380	17.25
1380	4	-1.754488888888889	0.009993191471713717	1380	17.25
1385	3	0.8806222222222222	0.009325849713726894	1385	17.3125
1385	4	-1.7605333333333333	0.009946023090279537	1385	17.3125
1390	3	0.8809777777777777	0.009325204404601894	1390	17.375
1390	4	-1.7616	0.009945123060273906	1390	17.375
1395	3	0.8868444444444444	0.009307249797689926	1395	17.4375
1395	4	-1.7726222222222223	0.009894842296171037	1395	17.4375
1400	3	0.8905777777777778	0.00929479305560132	1400	17.5
1400	4	-1.7802666666666667	0.009876638250405093	1400	17.5
1405	3	0.8918222222222222	0.009282680974232788	1405	17.5625
1405	4	-1.784	0.00984711209933112	1405	17.5625
1410	3	0.8956444444444445	0.009243257990794113	1410	17.625
1410	4	-1.789511111111111	0.009814334056898721	1410	17.625
1415	3	0.8985777777777778	0.009242572091853698	1415	17.6875
1415	4	-1.7966222222222221	0.00981800052750917	1415	17.6875
1420	3	0.9013333333333333	0.009236629131767935	1420	17.75
1420	4	-1.8014222222222223	0.009799352985154844	1420	17.75
1425	3	0.9039111111111111	0.009236553831789824	1425	17.8125
1425	4	-1.808	0.009770645474269883	1425	17.8125
1430	3	0.9074666666666666	0.009237311936343532	1430	17.875
1430	4	-1.8120888888888889	0.009750193578508703	1430	17.875
1435	3	0.9097777777777778	0.00923233894372586	1435	17.9375
1435	4	-1.8195555555555556	0.009753006152525166	1435	17.9375
1440	3	0.9112	0.009229527948999353	1440	18.0
1440	4	-1.821688888888889	0.009753253316013682	1440	18.0
1445	3	0.9156444444444445	0.009218532620522146	1445	18.0625
1445	4	-1.8302222222222222	0.00972786819595382	1445	18.0625
1450	3	0.9185777777777778	0.009208127623533546	1450	18.125
1450	4	-1.8355555555555556	0.009713257504248748	1450	18.125
1455	3	0.9189333333333334	0.009209983089781323	1455	18.1875
1455	4	-1.837511111111111	0.009675433457608736	1455	18.1875
1460	3	0.9243555555555556	0.00921160431466304	1460	18.25
1460	4	-1.8458666666666668	0.009682684062805506	1460	18.25
1465	3	0.9260444444444444	0.009219501653632273	1465	18.3125
1465	4	-1.8501333333333334	0.009646132607433033	1465	18.3125
1470	3	0.9296	0.009203584088134426	1470	18.375
1470	4	-1.8565333333333334	0.009638396428365807	1470	18.375
1475	3	0.9313777777777777	0.009190434934402037	1475	18.4375
1475	4	-1.8624	0.00960824081719584	1475	18.4375
1480	3	0.9344	0.009168175299140904	1480	18.5
1480	4	-1.868088888888889	0.009585700306593383	1480	18.5
1485	3	0.9366222222222222	0.009171885767286891	1485	18.5625
1485	4	-1.8725333333333334	0.009579502882475211	1485	18.5625
1490	3	0.9417777777777778	0.009173404639507996	1490	18.625
1490	4	-1.8810666666666667	0.009533054475149075	1490	18.625
1495	3	0.9443555555555555	0.00912705461133533	1495	18.6875
1495	4	-1.888	0.009489026475511022	1495	18.6875
1500	3	0.9475555555555556	0.009112301691480031	1500	18.75
1500	4	-1.8945777777777777	0.00946738759821757	1500	18.75
1505	3	0.9499555555555556	0.009096846490837456	1505	18.8125
1505	4	-1.9011555555555555	0.009488695444446764	1505	18.8125
1510	3	0.9517333333333333	0.009105954970764813	1510	18.875
1510	4	-1.9027555555555555	0.009475165549135512	1510	18.875
1515	3	0.9538666666666666	0.00911338533246162	1515	18.9375
1515	4	-1.906311111111111	0.009481683785371843	1515	18.9375
1520	3	0.9551111111111111	0.009102383508054193	1520	19.0
1520	4	-1.9109333333333334	0.00946562881277982	1520	19.0
1525	3	0.9576	0.009084667028305737	1525	19.0625
1525	4	-1.9168	0.009462025784395652	1525	19.0625
1530	3	0.9586666666666667	0.00909357886020988	1530	19.125
1530	4	-1.9175111111111112	0.009482599803007679	1530	19.125
1535	3	0.9622222222222222	0.009051592299036102	1535	19.1875
1535	4	-1.9248	0.009422800685888166	1535	19.1875
1540	3	0.9632888888888889	0.009073584402952448	1540	19.25
1540	4	-1.9274666666666667	0.009396108898749261	1540	19.25
1545	3	0.9648	0.00904201017242189	1545	19.3125
1545	4	-1.9306666666666668	0.009384793936300111	1545	19.3125
1550	3	0.9689777777777778	0.009015999548069855	1550	19.375
1550	4	-1.9388444444444444	0.009359502141843015	1550	19.375
1555	3	0.9717333333333333	0.009020344977009168	1555	19.4375
1555	4	-1.946311111111111	0.00936357355939727	1555	19.4375
1560	3	0.9736	0.0090070089295082	1560	19.5
1560	4	-1.9495111111111112	0.009304206914297184	1560	19.5
1565	3	0.9757333333333333	0.009009029934647488	1565	19.5625
1565	4	-1.952888888888889	0.009270049099278197	1565	19.5625
1570	3	0.9799111111111111	0.009023070751324741	1570	19.625
1570	4	-1.9596444444444445	0.009272881869493838	1570	19.625
1575	3	0.9805333333333334	0.009009547744244843	1575	19.6875
1575	4	-1.9621333333333333	0.009253342757583872	1575	19.6875
1580	3	0.9848888888888889	0.008997193920404156	1580	19.75
1580	4	-1.9706666666666666	0.009252681431312937	1580	19.75
1585	3	0.9875555555555555	0.008988589028047977	1585	19.8125
1585	4	-1.9742222222222223	0.009253622698727242	1585	19.8125
1590	3	0.9905777777777778	0.008957050620823238	1590	19.875
1590	4	-1.9841777777777778	0.00923509917547747	1590	19.875
1595	3	0.9928888888888889	0.00896684387198988	1595	19.9375
1595	4	-1.9859555555555555	0.009190754888863673	1595	19.9375
1600	3	0.9940444444444444	0.008956741799361009	1600	20.0
1600	4	-1.9877333333333334	0.00917377000602843	1600	20.0
1605	3	0.9950222222222223	0.008908559140647592	1605	20.0625
1605	4	-1.9916444444444446	0.009201681918600277	1605	20.0625
1610	3	0.9966222222222222	0.00893250837067265	1610	20.125
1610	4	-1.9950222222222223	0.009162312785461143	1610	20.125
1615	3	1.0017777777777779	0.008918364294069387	1615	20.1875
1615	4	-2.0012444444444446	0.009150343511759895	1615	20.1875
1620	3	1.0059555555555555	0.008924926301458006	1620	20.25
1620	4	-2.0074666666666667	0.009096379926889636	1620	20.25
1625	3	1.0087111111111111	0.008947373584793137	1625	20.3125
1625	4	-2.0149333333333335	0.009057256153882936	1625	20.3125
1630	3	1.0116444444444443	0.008911386634013712	1630	20.375
1630	4	-2.021333333333333	0.00902465046624904	1630	20.375
1635	3	1.0176888888888889	0.00889940953077997	1635	20.4375
1635	4	-2.0295111111111113	0.008994533299157488	1635	20.4375
1640	3	1.0222222222222221	0.008889629631688534	1640	20.5
1640	4	-2.040711111111111	0.008988887872454582	1640	20.5
1645	3	1.0228444444444444	0.008905988284175293	1645	20.5625
1645	4	-2.043022222222222	0.008972091863626646	1645	20.5625
1650	3	1.0256888888888889	0.008906531010704736	1650	20.625
1650	4	-2.0492444444444446	0.008960432896531811	1650	20.625
1655	3	1.0258666666666667	0.008893190636746588	1655	20.6875
1655	4	-2.051022222222222	0.008899373475070483	1655	20.6875
1660	3	1.0264	0.008867316886150051	1660	20.75
1660	4	-2.0547555555555554	0.00890627763524637	1660	20.75
1665	3	1.031288888888889	0.008864381839916393	1665	20.8125
1665	4	-2.0620444444444446	0.008889591975433705	1665	20.8125
1670	3	1.0354666666666668	0.008867693274975327	1670	20.875
1670	4	-2.0691555555555556	0.008874247025649198	1670	20.875
1675	3	1.0360888888888888	0.008856436386439652	1675	20.9375
1675	4	-2.0732444444444442	0.00883026167357651	1675	20.9375
1680	3	1.0393777777777777	0.00888743193436753	1680	21.0
1680	4	-2.079822222222222	0.008830562822051975	1680	21.0
1685	3	1.0425777777777778	0.008869866386267387	1685	21.0625
1685	4	-2.0849777777777776	0.008795793208489477	1685	21.0625
1690	3	1.0476444444444444	0.008886966699337992	1690	21.125
1690	4	-2.0926222222222224	0.008783533679480848	1690	21.125
1695	3	1.0476444444444444	0.008861144685743047	1695	21.1875
1695	4	-2.0944	0.008760229116191703	1695	21.1875
1700	3	1.0509333333333333	0.008875033940062903	1700	21.25
1700	4	-2.1004444444444443	0.008743413039648248	1700	21.25
1705	3	1.0537777777777777	0.008890300691375743	1705	21.3125
1705	4	-2.104711111111111	0.008691815464963209	1705	21.3125
1710	3	1.0577777777777777	0.008871834734631557	1710	21.375
1710	4	-2.1136	0.008678244783218473	1710	21.375
1715	3	1.059288888888889	0.008860251086187388	1715	21.4375
1715	4	-2.1148444444444445	0.008660380513373775	1715	21.4375
1720	3	1.0624	0.008866879349703375	1720	21.5
1720	4	-2.1228444444444445	0.008667042294322169	1720	21.5
1725	3	1.0659555555555555	0.008891544136261888	1725	21.5625
1725	4	-2.127288888888889	0.00864490170616868	1725	21.5625
1730	3	1.0663111111111112	0.008843307957621466	1730	21.625
1730	4	-2.1312	0.008610384937730198	1730	21.625
1735	3	1.0696	0.008859593110382313	1735	21.6875
1735	4	-2.136711111111111	0.008622943752925655	1735	21.6875
1740	3	1.0714666666666666	0.008851347880124288	1740	21.75
1740	4	-2.141688888888889	0.00860478460631101	1740	21.75
1745	3	1.0734222222222223	0.00885063646994975	1745	21.8125
1745	4	-2.1450666666666667	0.008579541233094594	1745	21.8125
1750	3	1.0743111111111112	0.00883243261254894	1750	21.875
1750	4	-2.147911111111111	0.008564157771869406	1750	21.875
1755	3	1.0761777777777777	0.008799009292896315	1755	21.9375
1755	4	-2.1537777777777776	0.008538324745311668	1755	21.9375
1760	3	1.079911111111111	0.008814585892168452	1760	22.0
1760	4	-2.159822222222222	0.008543263089350635	1760	22.0
1765	3	1.0840888888888889	0.008824058668360779	1765	22.0625
1765	4	-2.168711111111111	0.008487188509287268	1765	22.0625
1770	3	1.0872	0.008804337619871414	1770	22.125
1770	4	-2.1738666666666666	0.008472339577965372	1770	22.125
1775	3	1.0881777777777777	0.00878998237042748	1775	22.1875
1775	4	-2.1761777777777778	0.008481148236047932	1775	22.1875
1780	3	1.091911111111111	0.008772984293453604	1780	22.25
1780	4	-2.1809777777777777	0.008414133068918297	1780	22.25
1785	3	1.0976	0.008783756768048066	1785	22.3125
1785	4	-2.192711111111111	0.008447253365396144	1785	22.3125
1790	3	1.0973333333333333	0.008753701339358525	1790	22.375
1790	4	-2.195022222222222	0.008455630295893258	1790	22.375
1795	3	1.0986666666666667	0.008771524201834316	1795	22.4375
1795	4	-2.1987555555555556	0.008401000089463059	1795	22.4375
1800	3	1.1018666666666668	0.00875547054791806	1800	22.5
1800	4	-2.205511111111111	0.008367672544157856	1800	22.5
1805	3	1.1017777777777777	0.008758674567120686	1805	22.5625
1805	4	-2.2117333333333336	0.008382199429334788	1805	22.5625
1810	3	1.1043555555555555	0.008748750352504837	1810	22.625
1810	4	-2.2142222222222223	0.00835768779771558	1810	22.625
1815	3	1.1076444444444444	0.008727535420948822	1815	22.6875
1815	4	-2.219733333333333	0.00834685267189842	1815	22.6875
1820	3	1.1088	0.008728256562909261	1820	22.75
1820	4	-2.2224	0.0083121009387983	1820	22.75
1825	3	1.112	0.008735507442647833	1825	22.8125
1825	4	-2.227911111111111	0.00827784515013409	1825	22.8125
1830	3	1.112088888888889	0.00875217479398702	1830	22.875
1830	4	-2.2302222222222223	0.008270247210514392	1830	22.875
1835	3	1.1144888888888889	0.008732263694958015	1835	22.9375
1835	4	-2.2355555555555555	0.008260712537088594	1835	22.9375
1840	3	1.1173333333333333	0.008716092604121255	1840	23.0
1840	4	-2.238577777777778	0.00825108359152694	1840	23.0
1845	3	1.1213333333333333	0.008747597252923478	1845	23.0625
1845	4	-2.245688888888889	0.0082631696597684	1845	23.0625
1850	3	1.1230222222222221	0.008743386302431102	1850	23.125
1850	4	-2.247822222222222	0.008268979783785112	1850	23.125
1855	3	1.1256	0.008768381390002517	1855	23.1875
1855	4	-2.252266666666667	0.008258937635599331	1855	23.1875
1860	3	1.1290666666666667	0.008728656328926155	1860	23.25
1860	4	-2.2572444444444444	0.008256769003287243	1860	23.25
1865	3	1.1312	0.008727242581473805	1865	23.3125
1865	4	-2.2608	0.00821997467891536	1865	23.3125
1870	3	1.1348444444444445	0.008718884556801487	1870	23.375
1870	4	-2.2672	0.00819782704079274	1870	23.375
1875	3	1.1364444444444444	0.008729553060297698	1875	23.4375
1875	4	-2.2705777777777776	0.00815121711830993	1875	23.4375
1880	3	1.1389333333333334	0.00873052365275444	1880	23.5
1880	4	-2.276622222222222	0.008164192339835188	1880	23.5
1885	3	1.1424888888888889	0.008730691789851922	1885	23.5625
1885	4	-2.2830222222222223	0.00817565634788285	1885	23.5625
1890	3	1.1456	0.008687122569795576	1890	23.625
1890	4	-2.2883555555555555	0.008186144740820696	1890	23.625
1895	3	1.1486222222222222	0.008712099156438106	1895	23.6875
1895	4	-2.2942222222222224	0.008138489968669614	1895	23.6875
1900	3	1.148711111111111	0.008673399692190352	1900	23.75
1900	4	-2.2963555555555555	0.008162643072853991	1900	23.75
1905	3	1.151911111111111	0.008662729166734339	1905	23.8125
1905	4	-2.3020444444444443	0.008124656253363097	1905	23.8125
1910	3	1.1530666666666667	0.008659544152842787	1910	23.875
1910	4	-2.306311111111111	0.008110443529627706	1910	23.875
1915	3	1.1552	0.008658768882498755	1915	23.9375
1915	4	-2.3102222222222224	0.008151683976670755	1915	23.9375
1920	3	1.1597333333333333	0.008686543151473228	1920	24.0
1920	4	-2.3162666666666665	0.008127121496058562	1920	24.0
1925	3	1.1611555555555555	0.008645253502811751	1925	24.0625
1925	4	-2.3221333333333334	0.0081706925115302	1925	24.0625
1930	3	1.1630222222222222	0.00867791052700728	1930	24.125
1930	4	-2.3232	0.008147573015300185	1930	24.125
1935	3	1.1666666666666667	0.008645179246724128	1935	24.1875
1935	4	-2.331377777777778	0.00811442337870985	1935	24.1875
1940	3	1.168711111111111	0.008600802378045138	1940	24.25
1940	4	-2.3356444444444446	0.008145517532656599	1940	24.25
1945	3	1.1708444444444444	0.008576848436467993	1945	24.3125
1945	4	-2.343111111111111	0.008106125878879772	1945	24.3125
1950	3	1.1731555555555555	0.008605143686780524	1950	24.375
1950	4	-2.3475555555555556	0.00808732272098112	1950	24.375
1955	3	1.1737777777777778	0.00859401924396911	1955	24.4375
1955	4	-2.3493333333333335	0.008111743173787619	1955	24.4375
1960	3	1.176088888888889	0.00861580586512986	1960	24.5
1960	4	-2.3541333333333334	0.008059954909568616	1960	24.5
1965	3	1.1803555555555556	0.008621052545273757	1965	24.5625
1965	4	-2.3612444444444445	0.008075024085946942	1965	24.5625
1970	3	1.1775111111111112	0.008614508616272769	1970	24.625
1970	4	-2.360888888888889	0.008052921583049618	1970	24.625
1975	3	1.1775111111111112	0.00861542580905538	1975	24.6875
1975	4	-2.3616	0.008057934258908758	1975	24.6875
1980	3	1.1793777777777779	0.008602232986378312	1980	24.75
1980	4	-2.366222222222222	0.008062911063533964	1980	24.75
1985	3	1.1811555555555555	0.00860975935879946	1985	24.8125
1985	4	-2.3696	0.008098134385381659	1985	24.8125
1990	3	1.1844444444444444	0.008608032168173426	1990	24.875
1990	4	-2.377066666666667	0.00807922134394896	1990	24.875
1995	3	1.1892444444444445	0.008604318516897726	1995	24.9375
1995	4	-2.3859555555555554	0.0081200487737701	1995	24.9375
2000	3	1.1907555555555556	0.008596863055994056	2000	25.0
2000	4	-2.3904	0.008130348865400925	2000	25.0
2005	3	1.1925333333333332	0.008596020688364497	2005	25.0
2005	4	-2.3932444444444445	0.008118153656164633	2005	25.0
2010	3	1.1950222222222222	0.008575117258466013	2010	25.0
2010	4	-2.3936	0.008155470762701943	2010	25.0
2015	3	1.1949333333333334	0.008558143370926951	2015	25.0
2015	4	-2.3973333333333335	0.00817616991910534	2015	25.0
2020	3	1.1982222222222223	0.00862148923752842	2020	25.0
2020	4	-2.400888888888889	0.0081839322732411	2020	25.0
2025	3	1.1977777777777778	0.008628813535414484	2025	25.0
2025	4	-2.4024888888888887	0.008205887845974426	2025	25.0
2030	3	1.199111111111111	0.008585677511928482	2030	25.0
2030	4	-2.408	0.008233646199704167	2030	25.0
2035	3	1.2015111111111112	0.008574438364885851	2035	25.0
2035	4	-2.413511111111111	0.00823415786010233	2035	25.0
2040	3	1.2055111111111112	0.0085263110372969	2040	25.0
2040	4	-2.421333333333333	0.008325079030488512	2040	25.0
2045	3	1.2053333333333334	0.008553333747773997	2045	25.0
2045	4	-2.4193777777777776	0.008309163108178617	2045	25.0
2050	3	1.2073777777777779	0.008563606640040845	2050	25.0
2050	4	-2.425422222222222	0.008323678524515954	2050	25.0
2055	3	1.2092444444444443	0.008545422016136625	2055	25.0
2055	4	-2.4286222222222222	0.008309071812568484	2055	25.0
2060	3	1.2115555555555555	0.008562294038437751	2060	25.0
2060	4	-2.4323555555555556	0.008282324141078067	2060	25.0
2065	3	1.2143111111111111	0.008534748813830647	2065	25.0
2065	4	-2.4368	0.008278765746656066	2065	25.0
2070	3	1.2186666666666666	0.008572803807357178	2070	25.0
2070	4	-2.445866666666667	0.008291149485266979	2070	25.0
2075	3	1.2193777777777777	0.008558158246024268	2075	25.0
2075	4	-2.4464	0.00833612917807486	2075	25.0
2080	3	1.2228444444444444	0.008554638282356716	2080	25.0
2080	4	-2.4554666666666667	0.008328546964552057	2080	25.0
2085	3	1.2260444444444445	0.00857397635969337	2085	25.0
2085	4	-2.461333333333333	0.00837372437948631	2085	25.0
2090	3	1.2296	0.00857899155254216	2090	25.0
2090	4	-2.464888888888889	0.008386431062416674	2090	25.0
2095	3	1.2314666666666667	0.008563392838993487	2095	25.0
2095	4	-2.467911111111111	0.00837713779862003	2095	25.0
2100	3	1.2324444444444445	0.00857835015794538	2100	25.0
2100	4	-2.470222222222222	0.008382611024954785	2100	25.0
2105	3	1.2337777777777779	0.008551366850076951	2105	25.0
2105	4	-2.473777777777778	0.008410016433062283	2105	25.0
2110	3	1.231111111111111	0.008541646854963196	2110	25.0
2110	4	-2.4700444444444445	0.008430493529312393	2110	25.0
2115	3	1.2348444444444444	0.008551915820186466	2115	25.0
2115	4	-2.4755555555555557	0.008442376171075013	2115	25.0
2120	3	1.2325333333333333	0.0085399310760815	2120	25.0
2120	4	-2.4752	0.008455377764647595	2120	25.0
2125	3	1.2360888888888888	0.008524478139615032	2125	25.0
2125	4	-2.4796444444444443	0.008479761247151142	2125	25.0
2130	3	1.2355555555555555	0.008552894417377527	2130	25.0
2130	4	-2.4807111111111113	0.008481846365700495	2130	25.0
2135	3	1.2392888888888889	0.008542739102876139	2135	25.0
2135	4	-2.484088888888889	0.008511298813570687	2135	25.0
2140	3	1.2417777777777779	0.008529439597070256	2140	25.0
2140	4	-2.4904888888888888	0.008526988517765167	2140	25.0
2145	3	1.241511111111111	0.00854042179492348	2145	25.0
2145	4	-2.4896	0.008551880753063295	2145	25.0
2150	3	1.2444444444444445	0.008532545525330058	2150	25.0
2150	4	-2.4961777777777776	0.008586484967638463	2150	25.0
2155	3	1.2457777777777779	0.00855996971648313	2155	25.0
2155	4	-2.4961777777777776	0.008564369861542085	2155	25.0
2160	3	1.2490666666666668	0.00859214587799958	2160	25.0
2160	4	-2.5015111111111112	0.008569967917331861	2160	25.0
2165	3	1.2473777777777777	0.008567149051108412	2165	25.0
2165	4	-2.500977777777778	0.008581953068350787	2165	25.0
2170	3	1.2507555555555556	0.008548006042242349	2170	25.0
2170	4	-2.5050666666666666	0.008610321798246869	2170	25.0
2175	3	1.2536888888888889	0.008535368160596045	2175	25.0
2175	4	-2.5107555555555554	0.008576753484338546	2175	25.0
2180	3	1.2559111111111112	0.00857629449015682	2180	25.0
2180	4	-2.516088888888889	0.008610953498526197	2180	25.0
2185	3	1.2560888888888888	0.008571450618914792	2185	25.0
2185	4	-2.514666666666667	0.008622183893669602	2185	25.0
2190	3	1.2567111111111111	0.008565551149993075	2190	25.0
2190	4	-2.5153777777777777	0.008658655252335124	2190	25.0
2195	3	1.2579555555555555	0.008528756017532307	2195	25.0
2195	4	-2.5168	0.008662070076266041	2195	25.0
2200	3	1.2592	0.008538191425694619	2200	25.0
2200	4	-2.5201777777777776	0.008638591187653621	2200	25.0
2205	3	1.2607111111111111	0.008551406089796687	2205	25.0
2205	4	-2.5233777777777777	0.008668921454465146	2205	25.0
2210	3	1.2618666666666667	0.00853179608951651	2210	25.0
2210	4	-2.5278222222222224	0.00863578801486591	2210	25.0
2215	3	1.2638222222222222	0.008511497677873413	2215	25.0
2215	4	-2.5276444444444444	0.008660508981686502	2215	25.0
2220	3	1.263111111111111	0.008551373010170492	2220	25.0
2220	4	-2.5278222222222224	0.008675955572176696	2220	25.0
2225	3	1.264888888888889	0.008528574922772135	2225	25.0
2225	4	-2.532088888888889	0.008678288813041522	2225	25.0
2230	3	1.2621333333333333	0.008531895185270397	2230	25.0
2230	4	-2.5292444444444446	0.00869373726159431	2230	25.0
2235	3	1.2625777777777778	0.008489041525675414	2235	25.0
2235	4	-2.5315555555555553	0.008697562621867473	2235	25.0
2240	3	1.2626666666666666	0.008498687204114036	2240	25.0
2240	4	-2.5315555555555553	0.008672086663048141	2240	25.0
2245	3	1.2659555555555555	0.008509474888468269	2245	25.0
2245	4	-2.5370666666666666	0.008658291824892306	2245	25.0
2250	3	1.2702222222222221	0.008527623679779234	2250	25.0
2250	4	-2.5418666666666665	0.008710038155509992	2250	25.0
2255	3	1.2687111111111111	0.00853854158452825	2255	25.0
2255	4	-2.5393777777777777	0.00873100369798225	2255	25.0
2260	3	1.2707555555555556	0.008521309925594734	2260	25.0
2260	4	-2.5432888888888887	0.00872392459572649	2260	25.0
2265	3	1.2738666666666667	0.008520136431563815	2265	25.0
2265	4	-2.5468444444444445	0.008744007331274582	2265	25.0
2270	3	1.2745777777777778	0.008535798004651715	2270	25.0
2270	4	-2.5482666666666667	0.008750546851980734	2270	25.0
2275	3	1.2717333333333334	0.008524098852440593	2275	25.0
2275	4	-2.547022222222222	0.008777295943946991	2275	25.0
2280	3	1.2721777777777779	0.008527639246427625	2280	25.0
2280	4	-2.5473777777777777	0.008804093169314426	2280	25.0
2285	3	1.2707555555555556	0.008508318191455509	2285	25.0
2285	4	-2.5484444444444443	0.008812548388479925	2285	25.0
2290	3	1.2704888888888888	0.00851751275962515	2290	25.0
2290	4	-2.5493333333333332	0.008766258334704829	2290	25.0
2295	3	1.2717333333333334	0.00853243750575823	2295	25.0
2295	4	-2.551111111111111	0.008799543072600589	2295	25.0
2300	3	1.2707555555555556	0.008519455176538062	2300	25.0
2300	4	-2.5514666666666668	0.008804745270453041	2300	25.0
2305	3	1.2705777777777778	0.008550257221643083	2305	25.0
2305	4	-2.5539555555555555	0.008819562568239075	2305	25.0
2310	3	1.2712	0.008584890068980595	2310	25.0
2310	4	-2.5525333333333333	0.008798798464375085	2310	25.0
2315	3	1.2719111111111112	0.008559923438994303	2315	25.0
2315	4	-2.5548444444444445	0.008798442901298158	2315	25.0
2320	3	1.2708444444444444	0.008530915331859623	2320	25.0
2320	4	-2.5562666666666667	0.008797644548370337	2320	25.0
2325	3	1.2756444444444444	0.00850923475862097	2325	25.0
2325	4	-2.5610666666666666	0.008822607495436941	2325	25.0
2330	3	1.2737777777777777	0.008512376958552085	2330	25.0
2330	4	-2.562133333333333	0.008823736654206327	2330	25.0
2335	3	1.2739555555555555	0.008521400427017697	2335	25.0
2335	4	-2.562311111111111	0.008803003620254145	2335	25.0
2340	3	1.275111111111111	0.008520209304386794	2340	25.0
2340	4	-2.5660444444444446	0.008815834604820912	2340	25.0
2345	3	1.2757333333333334	0.008517923921189214	2345	25.0
2345	4	-2.560888888888889	0.008846865828344434	2345	25.0
2350	3	1.2783111111111112	0.008523008830568488	2350	25.0
2350	4	-2.567111111111111	0.008852687515253019	2350	25.0
2355	3	1.2776	0.008501762977596326	2355	25.0
2355	4	-2.568888888888889	0.008853258762852737	2355	25.0
2360	3	1.2781333333333333	0.008498199261547634	2360	25.0
2360	4	-2.5715555555555554	0.00887900992900051	2360	25.0
2365	3	1.2761777777777779	0.008499174292277457	2365	25.0
2365	4	-2.5635555555555554	0.008847878053061262	2365	25.0
2370	3	1.277511111111111	0.008489335901059297	2370	25.0
2370	4	-2.5685333333333333	0.008865990557400874	2370	25.0
2375	3	1.2780444444444445	0.008491352321387232	2375	25.0
2375	4	-2.5685333333333333	0.008851718848965339	2375	25.0
2380	3	1.2790222222222223	0.00850341112892186	2380	25.0
2380	4	-2.5708444444444445	0.008872394728283932	2380	25.0
2385	3	1.2812444444444444	0.008500621446362348	2385	25.0
2385	4	-2.5740444444444446	0.008871853214471858	2385	25.0
2390	3	1.2813333333333334	0.008493516265942963	2390	25.0
2390	4	-2.571911111111111	0.00884844341947377	2390	25.0
2395	3	1.279288888888889	0.008486744252748552	2395	25.0
2395	4	-2.5708444444444445	0.008868831530634778	2395	25.0
2400	3	1.2788444444444445	0.008489720919222862	2400	25.0
2400	4	-2.5713777777777778	0.00888180656406359	2400	25.0
2405	3	1.2810666666666666	0.00850367083313522	2405	25.0
2405	4	-2.5747555555555555	0.008889119780488166	2405	25.0
2410	3	1.2841777777777779	0.008483719972880735	2410	25.0
2410	4	-2.5770666666666666	0.008895363590479093	2410	25.0
2415	3	1.2819555555555555	0.008469773479498241	2415	25.0
2415	4	-2.5747555555555555	0.008935225342202922	2415	25.0
2420	3	1.2812444444444444	0.008483873401187362	2420	25.0
2420	4	-2.5724444444444443	0.00886857349954847	2420	25.0
2425	3	1.2828444444444445	0.008476849489011009	2425	25.0
2425	4	-2.576711111111111	0.008904515299290127	2425	25.0
2430	3	1.2844444444444445	0.008449257321958602	2430	25.0
2430	4	-2.578488888888889	0.008940337119359317	2430	25.0
2435	3	1.2817777777777777	0.008476564125975684	2435	25.0
2435	4	-2.5756444444444444	0.008917740397555123	2435	25.0
2440	3	1.2818666666666667	0.008498310836251452	2440	25.0
2440	4	-2.5774222222222223	0.008911065036886346	2440	25.0
2445	3	1.2846222222222223	0.008472339231350556	2445	25.0
2445	4	-2.5813333333333333	0.00894161228970965	2445	25.0
2450	3	1.2865777777777778	0.008493630982475863	2450	25.0
2450	4	-2.584711111111111	0.00893793979067383	2450	25.0
2455	3	1.2887111111111111	0.008509940395450336	2455	25.0
2455	4	-2.5900444444444446	0.008949211305434947	2455	25.0
2460	3	1.2876444444444444	0.008482718429531617	2460	25.0
2460	4	-2.5868444444444445	0.00894319091737701	2460	25.0
2465	3	1.2909333333333333	0.008432406656549672	2465	25.0
2465	4	-2.5934222222222223	0.008948782286645522	2465	25.0
2470	3	1.2894222222222222	0.008424875513547767	2470	25.0
2470	4	-2.591466666666667	0.00897262184812701	2470	25.0
2475	3	1.2933333333333332	0.008403830878173502	2475	25.0
2475	4	-2.5916444444444444	0.008938047766795198	2475	25.0
2480	3	1.2928	0.008416870487705706	2480	25.0
2480	4	-2.5943111111111112	0.008973526741919051	2480	25.0
2485	3	1.2917333333333334	0.008402545288950788	2485	25.0
2485	4	-2.595022222222222	0.008979902247731573	2485	25.0
2490	3	1.2918222222222222	0.008403818571517743	2490	25.0
2490	4	-2.5971555555555557	0.008998971691951872	2490	25.0
2495	3	1.291911111111111	0.008386268639911416	2495	25.0
2495	4	-2.5980444444444446	0.008991965292088757	2495	25.0
2500	3	1.2934222222222223	0.008399460756949154	2500	25.0
2500	4	-2.6014222222222223	0.009005321695736652	2500	25.0
