theta	type	coordination	number	fraction	err	time
0.5235987755982988	Q = +1	3	184.84	0.44009523809523804	0.0020491440069185705	2500
0.5235987755982988	Q = +2	4	23.64	0.10506666666666668	0.0022022137788690645	2500
0.5235987755982988	Q = +3	3	2.48	0.005904761904761905	0.0005101587281429299	2500
0.5235987755982988	Q = +4	4	1.44	0.006399999999999998	0.0008342383596524109	2500
0.5235987755982988	Q = -1	3	232.56	0.5537142857142858	0.0018681614768103916	2500
0.5235987755982988	Q = -2	4	5.42	0.024088888888888885	0.001675468820120436	2500
0.5235987755982988	Q = -3	3	0.12	0.00028571428571428574	0.00011053113475695184	2500
0.5235987755982988	Q = 0	4	194.5	0.8644444444444445	0.002750752891737706	2500
0.4924321818126858	Q = +1	3	210.2	0.46711111111111103	0.002229466649660884	2500
0.4924321818126858	Q = +2	4	14.66	0.06515555555555555	0.0021832777972661368	2500
0.4924321818126858	Q = +3	3	3.0	0.006666666666666662	0.0005607467216716093	2500
0.4924321818126858	Q = +4	4	0.62	0.0027555555555555554	0.0005519063825295423	2500
0.4924321818126858	Q = -1	3	236.76	0.5261333333333333	0.0020053443334479	2500
0.4924321818126858	Q = -2	4	7.96	0.03537777777777777	0.0015498307354811281	2500
0.4924321818126858	Q = -3	3	0.04	8.888888888888889e-05	6.220926330877913e-05	2500
0.4924321818126858	Q = -4	4	0.02	8.888888888888889e-05	8.888888888888889e-05	2500
0.4924321818126858	Q = 0	4	201.74	0.8966222222222221	0.002558060489782789	2500
0.4612655880270728	Q = +1	3	219.86	0.488577777777778	0.0020267895893024044	2500
0.4612655880270728	Q = +2	4	5.96	0.026488888888888874	0.0018833077477041177	2500
0.4612655880270728	Q = +3	3	5.34	0.011866666666666663	0.0007059049789130405	2500
0.4612655880270728	Q = +4	4	0.02	8.888888888888889e-05	8.888888888888887e-05	2500
0.4612655880270728	Q = -1	3	224.78	0.49951111111111124	0.0016897598899739197	2500
0.4612655880270728	Q = -2	4	11.36	0.050488888888888896	0.0019121971285415685	2500
0.4612655880270728	Q = -3	3	0.02	4.4444444444444447e-05	4.4444444444444426e-05	2500
0.4612655880270728	Q = -4	4	0.02	8.888888888888889e-05	8.888888888888889e-05	2500
0.4612655880270728	Q = 0	4	207.64	0.9228444444444445	0.002557902895139387	2500
0.43009899424145975	Q = +1	3	225.48	0.5010666666666668	0.0019705465398997327	2500
0.43009899424145975	Q = +2	4	1.98	0.008799999999999995	0.0007348640658402685	2500
0.43009899424145975	Q = +3	3	7.5	0.016666666666666666	0.0008211122004049246	2500
0.43009899424145975	Q = -1	3	217.0	0.4822222222222222	0.0015038373691843836	2500
0.43009899424145975	Q = -2	4	17.82	0.07919999999999999	0.0024711058907920525	2500
0.43009899424145975	Q = -3	3	0.02	4.4444444444444447e-05	4.444444444444443e-05	2500
0.43009899424145975	Q = -4	4	0.12	0.0005333333333333334	0.00020632478487964343	2500
0.43009899424145975	Q = 0	4	205.08	0.9114666666666666	0.0026842654353073374	2500
0.3989324004558467	Q = +1	3	221.9	0.5283333333333334	0.0023704823243572665	2500
0.3989324004558467	Q = +2	4	0.76	0.0033777777777777777	0.0005470643613596956	2500
0.3989324004558467	Q = +3	3	10.76	0.025619047619047607	0.0011774014768065272	2500
0.3989324004558467	Q = -1	3	187.24	0.44580952380952366	0.001779870580844955	2500
0.3989324004558467	Q = -2	4	36.32	0.16142222222222227	0.0032683060041957877	2500
0.3989324004558467	Q = -3	3	0.1	0.00023809523809523812	0.00010204081632653063	2500
0.3989324004558467	Q = -4	4	0.18	0.0008	0.00024392854237839418	2500
0.3989324004558467	Q = 0	4	187.74	0.8344000000000001	0.003298680038664018	2500
0.36776580667023373	Q = +1	3	248.6	0.571494252873563	0.0023425358949263706	2500
0.36776580667023373	Q = +2	4	0.42	0.0018666666666666666	0.00040336203617190075	2500
0.36776580667023373	Q = +3	3	16.86	0.03875862068965518	0.0009563588292887658	2500
0.36776580667023373	Q = -1	3	169.5	0.3896551724137932	0.0018834089929641602	2500
0.36776580667023373	Q = -2	4	67.42	0.29964444444444444	0.0034685267409351934	2500
0.36776580667023373	Q = -3	3	0.04	9.195402298850575e-05	6.435441031942668e-05	2500
0.36776580667023373	Q = -4	4	0.36	0.0016	0.00041653890709477396	2500
0.36776580667023373	Q = 0	4	156.8	0.6968888888888891	0.003486864817205329	2500
0.3365992128846207	Q = +1	3	252.0	0.6000000000000001	0.002933069542491169	2500
0.3365992128846207	Q = +2	4	0.18	0.0008	0.00024392854237839423	2500
0.3365992128846207	Q = +3	3	24.24	0.057714285714285704	0.0016077465302555048	2500
0.3365992128846207	Q = -1	3	143.7	0.34214285714285725	0.0019719092572293537	2500
0.3365992128846207	Q = -2	4	95.56	0.4247111111111112	0.004204229474880055	2500
0.3365992128846207	Q = -3	3	0.06	0.00014285714285714287	8.077783732678856e-05	2500
0.3365992128846207	Q = -4	4	0.72	0.0032	0.0004406184526450151	2500
0.3365992128846207	Q = 0	4	128.54	0.5712888888888888	0.00418125006472998	2500
0.30543261909900765	Q = +1	3	261.52	0.6226666666666666	0.002797597853650875	2500
0.30543261909900765	Q = +2	4	0.12	0.0005333333333333334	0.00020632478487964345	2500
0.30543261909900765	Q = +3	3	34.04	0.08104761904761909	0.0017568414099038544	2500
0.30543261909900765	Q = -1	3	124.4	0.29619047619047634	0.0017634668567096214	2500
0.30543261909900765	Q = -2	4	126.18	0.5608	0.003548041947735027	2500
0.30543261909900765	Q = -3	3	0.04	9.523809523809524e-05	6.665278211654907e-05	2500
0.30543261909900765	Q = -4	4	1.46	0.006488888888888885	0.0006248083606421609	2500
0.30543261909900765	Q = 0	4	97.24	0.43217777777777777	0.0034996972838171685	2500
0.2742660253133946	Q = +1	3	266.6	0.634761904761905	0.0025571355277840156	2500
0.2742660253133946	Q = +2	4	0.02	8.888888888888889e-05	8.888888888888887e-05	2500
0.2742660253133946	Q = +3	3	44.5	0.10595238095238091	0.0016315897898246882	2500
0.2742660253133946	Q = -1	3	108.84	0.2591428571428571	0.0017744021355347841	2500
0.2742660253133946	Q = -2	4	150.9	0.6706666666666667	0.003459589263701658	2500
0.2742660253133946	Q = -3	3	0.06	0.00014285714285714287	8.077783732678856e-05	2500
0.2742660253133946	Q = -4	4	2.6	0.011555555555555548	0.0008612482518254308	2500
0.2742660253133946	Q = 0	4	71.48	0.3176888888888889	0.0033385959968275218	2500
0.24309943152778163	Q = +1	3	285.34	0.6340888888888889	0.0030730486683282154	2500
0.24309943152778163	Q = +2	4	0.02	8.888888888888889e-05	8.888888888888887e-05	2500
0.24309943152778163	Q = +3	3	59.46	0.13213333333333332	0.0018205844085933788	2500
0.24309943152778163	Q = -1	3	105.18	0.23373333333333327	0.0019296678573807765	2500
0.24309943152778163	Q = -2	4	171.98	0.7643555555555556	0.0038337641481267226	2500
0.24309943152778163	Q = -3	3	0.02	4.4444444444444447e-05	4.4444444444444447e-05	2500
0.24309943152778163	Q = -4	4	4.36	0.019377777777777775	0.0011621649461483223	2500
0.24309943152778163	Q = 0	4	48.64	0.21617777777777775	0.0037168841812912027	2500
0.2119328377421686	Q = +1	3	274.46	0.6309425287356323	0.003604236004200094	2500
0.2119328377421686	Q = +2	4	0.02	8.888888888888889e-05	8.888888888888885e-05	2500
0.2119328377421686	Q = +3	3	67.3	0.15471264367816093	0.001968526708787613	2500
0.2119328377421686	Q = -1	3	93.18	0.2142068965517241	0.0021411445886823453	2500
0.2119328377421686	Q = -2	4	185.16	0.8229333333333332	0.003175517328698217	2500
0.2119328377421686	Q = -3	3	0.06	0.00013793103448275863	7.799239466034757e-05	2500
0.2119328377421686	Q = -4	4	6.9	0.03066666666666666	0.0016906065975484887	2500
0.2119328377421686	Q = 0	4	32.92	0.14631111111111111	0.0027259916519073537	2500
0.18076624395655555	Q = +1	3	282.94	0.6287555555555556	0.0035744452867665613	2500
0.18076624395655555	Q = +3	3	78.76	0.17502222222222227	0.0019513457056575488	2500
0.18076624395655555	Q = -1	3	88.24	0.19608888888888892	0.0021044147287229563	2500
0.18076624395655555	Q = -2	4	190.04	0.8446222222222223	0.0035372772808834724	2500
0.18076624395655555	Q = -3	3	0.06	0.0001333333333333333	7.539264817166933e-05	2500
0.18076624395655555	Q = -4	4	12.56	0.05582222222222222	0.00221098291541454	2500
0.18076624395655555	Q = 0	4	22.4	0.09955555555555556	0.0026454179880634476	2500
0.14959965017094257	Q = +1	3	270.62	0.6221149425287354	0.003595055756733118	2500
0.14959965017094257	Q = +2	4	0.02	8.888888888888889e-05	8.888888888888887e-05	2500
0.14959965017094257	Q = +3	3	84.56	0.19439080459770117	0.0022515997873513776	2500
0.14959965017094257	Q = -1	3	79.76	0.18335632183908046	0.0019087891291920927	2500
0.14959965017094257	Q = -2	4	192.68	0.8563555555555554	0.0026830637226468025	2500
0.14959965017094257	Q = -3	3	0.06	0.00013793103448275863	7.799239466034757e-05	2500
0.14959965017094257	Q = -4	4	18.44	0.08195555555555557	0.0020204447596900376	2500
0.14959965017094257	Q = 0	4	13.86	0.06160000000000001	0.002117286587670895	2500
0.11843305638532953	Q = +1	3	255.54	0.6084285714285715	0.0032661634362079663	2500
0.11843305638532953	Q = +3	3	90.28	0.21495238095238092	0.0019786916156826206	2500
0.11843305638532953	Q = -1	3	74.18	0.17661904761904768	0.002009614080572304	2500
0.11843305638532953	Q = -2	4	189.58	0.8425777777777778	0.0034986143461604178	2500
0.11843305638532953	Q = -4	4	26.5	0.11777777777777775	0.0031343479484945993	2500
0.11843305638532953	Q = 0	4	8.92	0.039644444444444454	0.001812984715944101	2500
0.08726646259971647	Q = +1	3	252.98	0.6023333333333334	0.00332602976071765	2500
0.08726646259971647	Q = +3	3	97.84	0.23295238095238094	0.0021751268525010865	2500
0.08726646259971647	Q = -1	3	68.94	0.16414285714285726	0.001879583342546932	2500
0.08726646259971647	Q = -2	4	184.06	0.8180444444444442	0.0036037773078193614	2500
0.08726646259971647	Q = -3	3	0.24	0.0005714285714285714	0.000160405797585736	2500
0.08726646259971647	Q = -4	4	35.94	0.15973333333333342	0.0034808709520799557	2500
0.08726646259971647	Q = 0	4	5.0	0.022222222222222213	0.0014478418096496993	2500
