Exp	frame	abs_C	err	time(s)	field(mT)	time	mT
5.0	250000	0.4102005368695622	0.02582019274066194	2500.0	25.0	2500.0	25.0
5.0	105000	0.43276842105191465	0.027878742640373502	1050.0	13.125	1050.0	10.5
5.0	100000	0.4290947368413736	0.027649727081053118	1000.0	12.5	1000.0	10.0
5.0	95000	0.4241263157887157	0.027390240281557104	950.0	11.875	950.0	9.5
5.0	90000	0.4189483657026706	0.02710233421063993	900.0	11.25	900.0	9.0
5.0	85000	0.41309542607424	0.0267241308036577	850.0	10.625	850.0	8.5
5.0	80000	0.4070214221792775	0.0263472729233789	800.0	10.0	800.0	8.0
5.0	75000	0.40249473684124587	0.02605630077131312	750.0	9.375	750.0	7.5
5.0	70000	0.396421052630689	0.02575270311408423	700.0	8.75	700.0	7.0
5.0	65000	0.3925052631569924	0.02545811038825945	650.0	8.125	650.0	6.5
5.0	60000	0.3888315789464456	0.025221924699163047	600.0	7.5	600.0	6.0
5.0	110000	0.43529473684140063	0.02800769813147484	1100.0	13.75	1100.0	11.0
5.0	55000	0.3853684210516899	0.025001249144342333	550.0	6.875	550.0	5.5
5.0	45000	0.3814421052622003	0.02477883887327177	450.0	5.625	450.0	4.5
5.0	40000	0.3802210526306122	0.024692777219168342	400.0	5.0	400.0	4.0
5.0	35000	0.3791157894727139	0.024632447715179005	350.0	4.375	350.0	3.5
5.0	30000	0.3781999999990265	0.0245731612087414	300.0	3.75	300.0	3.0
5.0	25000	0.3772947368411279	0.024515204298623038	250.0	3.125	250.0	2.5
5.0	20000	0.3766105263148043	0.024446845608352214	200.0	2.5	200.0	2.0
5.0	15000	0.3764736842095368	0.02443864184909982	150.0	1.875	150.0	1.5
5.0	10000	0.3761157894726957	0.024431723492583275	100.0	1.25	100.0	1.0
5.0	5000	0.3762842105253312	0.024402325385288068	50.0	0.625	50.0	0.5
5.0	0	0.3764421052621756	0.02440212933930284	0.0	0.0	0.0	0.0
5.0	50000	0.3832631578937911	0.024876578211261886	500.0	6.25	500.0	5.0
5.0	115000	0.43742105263089626	0.028119683485762187	1150.0	14.375	1150.0	11.5
5.0	245000	0.4121381198012804	0.025909781998537437	2450.0	25.0	2450.0	24.5
5.0	125000	0.44015789473617817	0.02813732717833793	1250.0	15.625	1250.0	12.5
5.0	240000	0.411185682325814	0.025884940250226626	2400.0	25.0	2400.0	24.0
5.0	235000	0.4117281676046071	0.02585825985957889	2350.0	25.0	2350.0	23.5
5.0	230000	0.41101342458460893	0.0259221373565583	2300.0	25.0	2300.0	23.0
5.0	225000	0.4120663332447968	0.02595479834670359	2250.0	25.0	2250.0	22.5
5.0	220000	0.4109900521072067	0.02589837484192051	2200.0	25.0	2200.0	22.0
5.0	215000	0.4129066217488658	0.026030928914533312	2150.0	25.0	2150.0	21.5
5.0	205000	0.4139052631571085	0.0261865080448302	2050.0	25.0	2050.0	20.5
5.0	200000	0.4142428548863235	0.02621069943796216	2000.0	25.0	2000.0	20.0
5.0	195000	0.4183368869928398	0.026461743862230082	1950.0	24.375	1950.0	19.5
5.0	190000	0.4203810927458557	0.026518872361442163	1900.0	23.75	1900.0	19.0
5.0	185000	0.4227216505690207	0.026643589693161475	1850.0	23.125	1850.0	18.5
5.0	210000	0.4126329087264513	0.026069449970092952	2100.0	25.0	2100.0	21.0
5.0	175000	0.4279999999992785	0.027048409975301863	1750.0	21.875	1750.0	17.5
5.0	180000	0.4253276488228964	0.026801525396298896	1800.0	22.5	1800.0	18.0
5.0	135000	0.4409789473677592	0.02810002517036793	1350.0	16.875	1350.0	13.5
5.0	140000	0.4408928195403041	0.027948022295910917	1400.0	17.5	1400.0	14.0
5.0	145000	0.4393052631572431	0.02785767011427101	1450.0	18.125	1450.0	14.5
5.0	150000	0.4370966892987611	0.027735393226419932	1500.0	18.75	1500.0	15.0
5.0	130000	0.44101052631512827	0.028160933450031355	1300.0	16.25	1300.0	13.0
5.0	160000	0.4351473684203647	0.02750594340690797	1600.0	20.0	1600.0	16.0
5.0	165000	0.4325894736835148	0.027364095625203432	1650.0	20.625	1650.0	16.5
5.0	170000	0.4298857834615832	0.02716685321955701	1700.0	21.25	1700.0	17.0
5.0	155000	0.4362459206225439	0.02766949522357081	1550.0	19.375	1550.0	15.5
5.0	120000	0.4392105263151233	0.028152181212566074	1200.0	15.0	1200.0	12.0
10.0	185000	0.45997789124543703	0.02851069215113653	1850.0	23.125	1850.0	18.5
10.0	140000	0.4629296278746002	0.02909887390481077	1400.0	17.5	1400.0	14.0
10.0	145000	0.4646981420069325	0.029094819214894093	1450.0	18.125	1450.0	14.5
10.0	150000	0.4657542899247242	0.028999059327467807	1500.0	18.75	1500.0	15.0
10.0	155000	0.4644695972619184	0.028944936962720026	1550.0	19.375	1550.0	15.5
10.0	160000	0.4645402389594321	0.028890652036351883	1600.0	20.0	1600.0	16.0
10.0	165000	0.4634664982362233	0.02876696868266338	1650.0	20.625	1650.0	16.5
10.0	170000	0.4628066112216964	0.0286851506371255	1700.0	21.25	1700.0	17.0
10.0	175000	0.4625473684205228	0.028711972114542076	1750.0	21.875	1750.0	17.5
10.0	180000	0.4618801979150343	0.028659765760849963	1800.0	22.5	1800.0	18.0
10.0	250000	0.4597989156177318	0.028145804675849918	2500.0	25.0	2500.0	25.0
10.0	200000	0.4566871940622895	0.028186925742082782	2000.0	25.0	2000.0	20.0
10.0	205000	0.4576030317379868	0.02808151653704074	2050.0	25.0	2050.0	20.5
10.0	210000	0.4566721061214702	0.028089250635574447	2100.0	25.0	2100.0	21.0
10.0	215000	0.4560555818721835	0.0280528389697644	2150.0	25.0	2150.0	21.5
10.0	220000	0.4569879454645314	0.02808735817094061	2200.0	25.0	2200.0	22.0
10.0	225000	0.4579038795593814	0.028164475909352005	2250.0	25.0	2250.0	22.5
10.0	230000	0.457741510923377	0.028141681087967257	2300.0	25.0	2300.0	23.0
10.0	235000	0.4570270554789812	0.028162530584939782	2350.0	25.0	2350.0	23.5
10.0	240000	0.4569924732875196	0.028140396669251555	2400.0	25.0	2400.0	24.0
10.0	245000	0.4594768145686527	0.028244412131909962	2450.0	25.0	2450.0	24.5
10.0	135000	0.4629855774286521	0.02913715066166848	1350.0	16.875	1350.0	13.5
10.0	195000	0.4567593177505351	0.02832082135162975	1950.0	24.375	1950.0	19.5
10.0	130000	0.4613538267180308	0.029111256163356383	1300.0	16.25	1300.0	13.0
10.0	190000	0.4584482577107774	0.02843856622123852	1900.0	23.75	1900.0	19.0
10.0	125000	0.4603505447649493	0.029008661416530787	1250.0	15.625	1250.0	12.5
10.0	120000	0.4577578947362617	0.028947728444884087	1200.0	15.0	1200.0	12.0
10.0	5000	0.37625263157798494	0.024452006336522697	50.0	0.625	50.0	0.5
10.0	10000	0.376452631577988	0.024450496557612417	100.0	1.25	100.0	1.0
10.0	15000	0.376421052630619	0.024463965083307296	150.0	1.875	150.0	1.5
10.0	20000	0.37631578947272143	0.024473273227341073	200.0	2.5	200.0	2.0
10.0	25000	0.37725263157799016	0.024530267069033725	250.0	3.125	250.0	2.5
10.0	30000	0.37787368420956985	0.02454967170651844	300.0	3.75	300.0	3.0
10.0	35000	0.37872631578852345	0.024634242805079764	350.0	4.375	350.0	3.5
10.0	40000	0.3798947368411602	0.02471570881397084	400.0	5.0	400.0	4.0
10.0	45000	0.38143157894642776	0.024805933229093618	450.0	5.625	450.0	4.5
10.0	50000	0.3832210526306485	0.024927020692440405	500.0	6.25	500.0	5.0
10.0	55000	0.3854315789464465	0.02505209033325866	550.0	6.875	550.0	5.5
10.0	0	0.3765368421043059	0.024459914651965974	0.0	0.0	0.0	0.0
10.0	65000	0.3929368421043776	0.025530360071299475	650.0	8.125	650.0	6.5
10.0	70000	0.3980421052622961	0.025850723790284358	700.0	8.75	700.0	7.0
10.0	75000	0.4041578947360107	0.026204041400171862	750.0	9.375	750.0	7.5
10.0	80000	0.4120216853510599	0.02665187247810444	800.0	10.0	800.0	8.0
10.0	85000	0.4194421052623925	0.027050298213183888	850.0	10.625	850.0	8.5
10.0	90000	0.4263578947361095	0.027424993284251603	900.0	11.25	900.0	9.0
10.0	95000	0.43263329648856985	0.02787465199935053	950.0	11.875	950.0	9.5
10.0	100000	0.4390231064785961	0.028158157515401138	1000.0	12.5	1000.0	10.0
10.0	105000	0.4452234328116096	0.028427497066753807	1050.0	13.125	1050.0	10.5
10.0	110000	0.4501184272850234	0.028676119614911795	1100.0	13.75	1100.0	11.0
10.0	115000	0.4540315789467688	0.028836193415413137	1150.0	14.375	1150.0	11.5
10.0	60000	0.3888315789464604	0.025258624801440758	600.0	7.5	600.0	6.0
16.0	70000	0.39804210526226974	0.025733183453962992	700.0	8.75	700.0	7.0
16.0	75000	0.4054631578938928	0.026156610977699	750.0	9.375	750.0	7.5
16.0	80000	0.4132638559916131	0.02665703890492456	800.0	10.0	800.0	8.0
16.0	110000	0.46490526315734404	0.02938355665663255	1100.0	13.75	1100.0	11.0
16.0	90000	0.4315263157887732	0.02769764770972593	900.0	11.25	900.0	9.0
16.0	95000	0.4398631578940708	0.028154980593697733	950.0	11.875	950.0	9.5
16.0	100000	0.4495789473677991	0.02866452830985915	1000.0	12.5	1000.0	10.0
16.0	105000	0.4569473684204575	0.029065365492673582	1050.0	13.125	1050.0	10.5
16.0	85000	0.4214631578939814	0.02710966688675853	850.0	10.625	850.0	8.5
16.0	65000	0.3927157894727678	0.02541402766388327	650.0	8.125	650.0	6.5
16.0	35000	0.3765684210516409	0.024417144785690632	350.0	4.375	350.0	3.5
16.0	55000	0.3833368421043036	0.02488553413138891	550.0	6.875	550.0	5.5
16.0	50000	0.3809894736832408	0.024720963926395924	500.0	6.25	500.0	5.0
16.0	45000	0.3787157894727026	0.02458110857390642	450.0	5.625	450.0	4.5
16.0	40000	0.3772526315779585	0.024475278373353053	400.0	5.0	400.0	4.0
16.0	30000	0.37519999999900616	0.02433451265487033	300.0	3.75	300.0	3.0
16.0	25000	0.3743052631568976	0.02429924986939577	250.0	3.125	250.0	2.5
16.0	20000	0.3737368421042649	0.02426368926125349	200.0	2.5	200.0	2.0
16.0	15000	0.3737684210516321	0.02427097109341475	150.0	1.875	150.0	1.5
16.0	10000	0.3735473684200492	0.024261630891028497	100.0	1.25	100.0	1.0
16.0	5000	0.3731789473674152	0.02424890525660248	50.0	0.625	50.0	0.5
16.0	115000	0.4707405652923815	0.029764179548300324	1150.0	14.375	1150.0	11.5
16.0	60000	0.3876315789464324	0.025131022312917323	600.0	7.5	600.0	6.0
16.0	120000	0.4766777198795	0.029926527691343168	1200.0	15.0	1200.0	12.0
16.0	0	0.3731368421042569	0.024251911761460302	0.0	0.0	0.0	0.0
16.0	130000	0.4858421052626983	0.030238357219182443	1300.0	16.25	1300.0	13.0
16.0	250000	0.5238656700703361	0.030282806354568925	2500.0	25.0	2500.0	25.0
16.0	245000	0.5219537870412049	0.030413767875450574	2450.0	25.0	2450.0	24.5
16.0	240000	0.521370670596669	0.030383664004264656	2400.0	25.0	2400.0	24.0
16.0	235000	0.5195326069790736	0.030397741363850657	2350.0	25.0	2350.0	23.5
16.0	230000	0.5202295099223901	0.030448949617022342	2300.0	25.0	2300.0	23.0
16.0	225000	0.5198441941254555	0.03050085505503803	2250.0	25.0	2250.0	22.5
16.0	220000	0.5196399431486808	0.030492885971032474	2200.0	25.0	2200.0	22.0
16.0	215000	0.5185198831484166	0.030474988667185163	2150.0	25.0	2150.0	21.5
16.0	210000	0.5168605569297824	0.03059635139925037	2100.0	25.0	2100.0	21.0
16.0	205000	0.5182062213797999	0.030628810496931388	2050.0	25.0	2050.0	20.5
16.0	200000	0.5176965996417977	0.030660001465093917	2000.0	25.0	2000.0	20.0
16.0	195000	0.5162271698507686	0.030619311872905362	1950.0	24.375	1950.0	19.5
16.0	190000	0.5159363074085925	0.030657313451817183	1900.0	23.75	1900.0	19.0
16.0	180000	0.5116503065866779	0.03078476269309892	1800.0	22.5	1800.0	18.0
16.0	175000	0.5116117486047989	0.030724040657878943	1750.0	21.875	1750.0	17.5
16.0	170000	0.5091540769591915	0.030736151921916994	1700.0	21.25	1700.0	17.0
16.0	165000	0.5070452930491043	0.030690240949026174	1650.0	20.625	1650.0	16.5
16.0	160000	0.5031422706454362	0.030720696094181	1600.0	20.0	1600.0	16.0
16.0	155000	0.499570973599991	0.030664397437008332	1550.0	19.375	1550.0	15.5
16.0	150000	0.4971314279694834	0.030515708601482918	1500.0	18.75	1500.0	15.0
16.0	145000	0.4940315789469421	0.030445226487569067	1450.0	18.125	1450.0	14.5
16.0	140000	0.4921513923246701	0.030469722485324136	1400.0	17.5	1400.0	14.0
16.0	135000	0.4892526315785027	0.030305241612328736	1350.0	16.875	1350.0	13.5
16.0	125000	0.4810842105258392	0.030178859565656108	1250.0	15.625	1250.0	12.5
16.0	185000	0.5133487735548014	0.03073034729639065	1850.0	23.125	1850.0	18.5
21.0	0	0.3755368421042868	0.024415649483691584	0.0	0.0	0.0	0.0
21.0	180000	0.5770712706598767	0.03336690804024345	1800.0	22.5	1800.0	18.0
21.0	135000	0.5282383283327472	0.032100774604686216	1350.0	16.875	1350.0	13.5
21.0	140000	0.5360248447202118	0.03219269477355837	1400.0	17.5	1400.0	14.0
21.0	145000	0.5413894736839221	0.032453544532878416	1450.0	18.125	1450.0	14.5
21.0	150000	0.5474315789471011	0.03263567076490238	1500.0	18.75	1500.0	15.0
21.0	155000	0.5532631578944781	0.032832176641446234	1550.0	19.375	1550.0	15.5
21.0	160000	0.5585473684208071	0.032984867243081764	1600.0	20.0	1600.0	16.0
21.0	165000	0.5635626677894183	0.03314528344383007	1650.0	20.625	1650.0	16.5
21.0	170000	0.569451023737885	0.03324416009924056	1700.0	21.25	1700.0	17.0
21.0	175000	0.5728062325628269	0.03336162883509662	1750.0	21.875	1750.0	17.5
21.0	185000	0.5802911062562063	0.033554875125088236	1850.0	23.125	1850.0	18.5
21.0	130000	0.5209221537972233	0.03175452195173845	1300.0	16.25	1300.0	13.0
21.0	190000	0.5839124026109015	0.033425027619176886	1900.0	23.75	1900.0	19.0
21.0	200000	0.5884291429773072	0.03347454766972817	2000.0	25.0	2000.0	20.0
21.0	205000	0.5895994526026145	0.03342476032619362	2050.0	25.0	2050.0	20.5
21.0	210000	0.5923878711306622	0.03325493791139721	2100.0	25.0	2100.0	21.0
21.0	215000	0.5921886514368916	0.033336831047712914	2150.0	25.0	2150.0	21.5
21.0	220000	0.5948515476941544	0.033226726145410036	2200.0	25.0	2200.0	22.0
21.0	225000	0.5957148873446071	0.03322161391274736	2250.0	25.0	2250.0	22.5
21.0	230000	0.5969473684209661	0.0332644429462802	2300.0	25.0	2300.0	23.0
21.0	235000	0.5972834956566739	0.03319560704943417	2350.0	25.0	2350.0	23.5
21.0	240000	0.5973571992628613	0.0332280035869907	2400.0	25.0	2400.0	24.0
21.0	250000	0.6002316033266122	0.03303258457302335	2500.0	25.0	2500.0	25.0
21.0	195000	0.5858406148014048	0.03348421918879281	1950.0	24.375	1950.0	19.5
21.0	125000	0.5145955050262183	0.03154822664482045	1250.0	15.625	1250.0	12.5
21.0	245000	0.5991683553964114	0.03315738201471414	2450.0	25.0	2450.0	24.5
21.0	115000	0.4965263157890438	0.030881269006597264	1150.0	14.375	1150.0	11.5
21.0	120000	0.5063157894732773	0.031263665470444506	1200.0	15.0	1200.0	12.0
21.0	10000	0.3748421052621793	0.024365424845951725	100.0	1.25	100.0	1.0
21.0	15000	0.3753473684200753	0.024389586387460516	150.0	1.875	150.0	1.5
21.0	20000	0.3752631578937613	0.024400815756516654	200.0	2.5	200.0	2.0
21.0	25000	0.3758631578937618	0.02442234534105859	250.0	3.125	250.0	2.5
21.0	30000	0.3754842105253384	0.02444786636094331	300.0	3.75	300.0	3.0
21.0	35000	0.37668421052533785	0.02451462629933202	350.0	4.375	350.0	3.5
21.0	40000	0.3781263157885036	0.02459990744951114	400.0	5.0	400.0	4.0
21.0	45000	0.3801052631569389	0.02471230139501254	450.0	5.625	450.0	4.5
21.0	50000	0.3824842105253666	0.024845807847230356	500.0	6.25	500.0	5.0
21.0	55000	0.3855999999990655	0.02505306406893577	550.0	6.875	550.0	5.5
21.0	5000	0.3756315789463943	0.024423493716664208	50.0	0.625	50.0	0.5
21.0	65000	0.3963684210517428	0.02572809278017704	650.0	8.125	650.0	6.5
21.0	60000	0.3906526315780357	0.025349206706067752	600.0	7.5	600.0	6.0
21.0	105000	0.4769789473678952	0.030034888594890806	1050.0	13.125	1050.0	10.5
21.0	100000	0.4665052631573258	0.02959349774977046	1000.0	12.5	1000.0	10.0
21.0	95000	0.4549157894730779	0.02895940217953844	950.0	11.875	950.0	9.5
21.0	90000	0.4424338123052405	0.028345966433918908	900.0	11.25	900.0	9.0
21.0	110000	0.4871835359751056	0.03048218978732895	1100.0	13.75	1100.0	11.0
21.0	80000	0.4197799884196661	0.027101053307667163	800.0	10.0	800.0	8.0
21.0	75000	0.4101684210518138	0.026572270092077417	750.0	9.375	750.0	7.5
21.0	70000	0.4019789473675591	0.02612291206105525	700.0	8.75	700.0	7.0
21.0	85000	0.4304663648797885	0.02772085896815803	850.0	10.625	850.0	8.5
26.0	180000	0.6148857774499766	0.035278528304983736	1800.0	22.5	1800.0	18.0
26.0	140000	0.5729473684208106	0.03370730288817693	1400.0	17.5	1400.0	14.0
26.0	145000	0.5805252908045226	0.03399041231607591	1450.0	18.125	1450.0	14.5
26.0	150000	0.5869263157892171	0.034282758056439384	1500.0	18.75	1500.0	15.0
26.0	155000	0.5936736842102691	0.03450683749224225	1550.0	19.375	1550.0	15.5
26.0	160000	0.6001999999997404	0.034759408587459115	1600.0	20.0	1600.0	16.0
26.0	165000	0.6045052631575965	0.03505384307478989	1650.0	20.625	1650.0	16.5
26.0	135000	0.5655999999997586	0.0332968091309455	1350.0	16.875	1350.0	13.5
26.0	170000	0.6086842105260382	0.035047782336431965	1700.0	21.25	1700.0	17.0
26.0	175000	0.6121684210523551	0.035162772069470064	1750.0	21.875	1750.0	17.5
26.0	185000	0.6181176965993606	0.03535345111417588	1850.0	23.125	1850.0	18.5
26.0	210000	0.6256105263155117	0.035426651195562174	2100.0	25.0	2100.0	21.0
26.0	195000	0.6211695352384042	0.03544383104289223	1950.0	24.375	1950.0	19.5
26.0	200000	0.6229720482178609	0.03543626059941879	2000.0	25.0	2000.0	20.0
26.0	205000	0.6235052631575995	0.03546736920500945	2050.0	25.0	2050.0	20.5
26.0	215000	0.6268238761972165	0.03535826484294458	2150.0	25.0	2150.0	21.5
26.0	220000	0.6266540344225943	0.035372900968796986	2200.0	25.0	2200.0	22.0
26.0	225000	0.627284210526046	0.035368350217205614	2250.0	25.0	2250.0	22.5
26.0	230000	0.6284421052628947	0.03536875216019787	2300.0	25.0	2300.0	23.0
26.0	235000	0.6295157894734252	0.035340896505568015	2350.0	25.0	2350.0	23.5
26.0	240000	0.6292421052628996	0.035347936596385666	2400.0	25.0	2400.0	24.0
26.0	130000	0.5561052631576374	0.033017082426741014	1300.0	16.25	1300.0	13.0
26.0	190000	0.6197473684207598	0.03545525985863958	1900.0	23.75	1900.0	19.0
26.0	125000	0.5445263157891831	0.03268301843496959	1250.0	15.625	1250.0	12.5
26.0	0	0.3762315789463943	0.02443112929993664	0.0	0.0	0.0	0.0
26.0	115000	0.5240842105259637	0.032016684104120584	1150.0	14.375	1150.0	11.5
26.0	245000	0.6299805252905469	0.0353593628194381	2450.0	25.0	2450.0	24.5
26.0	5000	0.3760736842095526	0.02441407119406437	50.0	0.625	50.0	0.5
26.0	10000	0.3757789473674457	0.02441633871810696	100.0	1.25	100.0	1.0
26.0	15000	0.3761368421042921	0.02439916302923983	150.0	1.875	150.0	1.5
26.0	20000	0.3768421052621886	0.02445938103241636	200.0	2.5	200.0	2.0
26.0	25000	0.3771157894727205	0.024468840900267026	250.0	3.125	250.0	2.5
26.0	30000	0.37801052631483	0.024528595711673918	300.0	3.75	300.0	3.0
26.0	35000	0.3788315789464133	0.024623182530459857	350.0	4.375	350.0	3.5
26.0	40000	0.3803789473674704	0.02472300637323991	400.0	5.0	400.0	4.0
26.0	45000	0.3821684210516816	0.024877434817841083	450.0	5.625	450.0	4.5
26.0	50000	0.3843684210516953	0.024998564909705902	500.0	6.25	500.0	5.0
26.0	55000	0.3885052631569795	0.02522546658809342	550.0	6.875	550.0	5.5
26.0	60000	0.3933157894727916	0.025485161835632226	600.0	7.5	600.0	6.0
26.0	65000	0.4000421052622967	0.025910033411322583	650.0	8.125	650.0	6.5
26.0	70000	0.4080947368412779	0.02642369362990601	700.0	8.75	700.0	7.0
26.0	75000	0.4187684210518562	0.02706750340936192	750.0	9.375	750.0	7.5
26.0	80000	0.4294421052624368	0.02757437492517984	800.0	10.0	800.0	8.0
26.0	85000	0.4415157894730251	0.028284832699381406	850.0	10.625	850.0	8.5
26.0	90000	0.4548631578941347	0.0290228500492897	900.0	11.25	900.0	9.0
26.0	95000	0.4693157894731317	0.029679692810376537	950.0	11.875	950.0	9.5
26.0	100000	0.4833157894731835	0.030317272275519405	1000.0	12.5	1000.0	10.0
26.0	105000	0.4978526315785026	0.031009692910604382	1050.0	13.125	1050.0	10.5
26.0	110000	0.5111368421048603	0.031568583733343585	1100.0	13.75	1100.0	11.0
26.0	120000	0.5345052631575813	0.03236460724595748	1200.0	15.0	1200.0	12.0
26.0	250000	0.6305157894734255	0.035346104071281366	2500.0	25.0	2500.0	25.0
30.0	240000	0.6490842105262531	0.03416304356278837	2400.0	25.0	2400.0	24.0
30.0	0	0.3753052631569212	0.024380526888380775	0.0	0.0	0.0	0.0
30.0	135000	0.5853578947366684	0.0335795821593949	1350.0	16.875	1350.0	13.5
30.0	140000	0.5960631578945909	0.033694891676459116	1400.0	17.5	1400.0	14.0
30.0	145000	0.6050947368419595	0.03390884318418345	1450.0	18.125	1450.0	14.5
30.0	150000	0.6122421052630242	0.034073327245748145	1500.0	18.75	1500.0	15.0
30.0	155000	0.6196842105261958	0.03413664305611537	1550.0	19.375	1550.0	15.5
30.0	160000	0.6245999999998589	0.03432072980395832	1600.0	20.0	1600.0	16.0
30.0	165000	0.6293999999998652	0.034384734855822406	1650.0	20.625	1650.0	16.5
30.0	170000	0.632505263157772	0.03440392102631671	1700.0	21.25	1700.0	17.0
30.0	175000	0.6356631578945945	0.03448147125577293	1750.0	21.875	1750.0	17.5
30.0	180000	0.6387368421051253	0.034528871265408635	1800.0	22.5	1800.0	18.0
30.0	185000	0.6402736842104076	0.03442699697241339	1850.0	23.125	1850.0	18.5
30.0	190000	0.6423789473682985	0.03446408007512717	1900.0	23.75	1900.0	19.0
30.0	195000	0.6428105263156795	0.034415340536417136	1950.0	24.375	1950.0	19.5
30.0	200000	0.6439157894735682	0.034397127304217144	2000.0	25.0	2000.0	20.0
30.0	205000	0.6444842105262103	0.03437267703211234	2050.0	25.0	2050.0	20.5
30.0	210000	0.6439263157893711	0.0343387987434585	2100.0	25.0	2100.0	21.0
30.0	215000	0.6446105263156897	0.03436858977470974	2150.0	25.0	2150.0	21.5
30.0	220000	0.6450631578946231	0.034368197783942435	2200.0	25.0	2200.0	22.0
30.0	225000	0.6472631578946434	0.0342459326209507	2250.0	25.0	2250.0	22.5
30.0	230000	0.6481684210525439	0.0342406958957291	2300.0	25.0	2300.0	23.0
30.0	235000	0.6491999999999137	0.034250620978237965	2350.0	25.0	2350.0	23.5
30.0	130000	0.5724421052629507	0.033301033458786315	1300.0	16.25	1300.0	13.0
30.0	125000	0.5598631578944939	0.03304894748335873	1250.0	15.625	1250.0	12.5
30.0	120000	0.5475052631576158	0.032728970438473844	1200.0	15.0	1200.0	12.0
30.0	115000	0.5336105263154668	0.03226360771502037	1150.0	14.375	1150.0	11.5
30.0	5000	0.3756421052621888	0.024382188399978688	50.0	0.625	50.0	0.5
30.0	10000	0.3755368421042889	0.024394946363460547	100.0	1.25	100.0	1.0
30.0	15000	0.3760631578937692	0.024426037558349926	150.0	1.875	150.0	1.5
30.0	20000	0.3766105263148197	0.024445123219756282	200.0	2.5	200.0	2.0
30.0	25000	0.37754736842008935	0.02447971985494224	250.0	3.125	250.0	2.5
30.0	30000	0.3789789473674635	0.024533652619037498	300.0	3.75	300.0	3.0
30.0	35000	0.3801052631569437	0.02461157030820231	350.0	4.375	350.0	3.5
30.0	40000	0.3818315789464221	0.024751123177423843	400.0	5.0	400.0	4.0
30.0	45000	0.3845473684201226	0.02487980894978009	450.0	5.625	450.0	4.5
30.0	50000	0.3875052631569792	0.025143797724073248	500.0	6.25	500.0	5.0
30.0	245000	0.6495052631578224	0.03419516003428269	2450.0	25.0	2450.0	24.5
30.0	55000	0.3919894736833158	0.025426749932956117	550.0	6.875	550.0	5.5
30.0	65000	0.4046631578939056	0.0261726423487799	650.0	8.125	650.0	6.5
30.0	70000	0.4137052631571095	0.026670289625222846	700.0	8.75	700.0	7.0
30.0	75000	0.4245368421045291	0.027289562024339048	750.0	9.375	750.0	7.5
30.0	80000	0.4345157894730008	0.027844042149934682	800.0	10.0	800.0	8.0
30.0	85000	0.4481368421046381	0.02852867609103928	850.0	10.625	850.0	8.5
30.0	90000	0.4623473684204906	0.029281140699131306	900.0	11.25	900.0	9.0
30.0	95000	0.4773263157889885	0.029985269787243213	950.0	11.875	950.0	9.5
30.0	100000	0.4908363598079698	0.030596332641910876	1000.0	12.5	1000.0	10.0
30.0	105000	0.5048265698190602	0.03120403575155932	1050.0	13.125	1050.0	10.5
30.0	110000	0.5191894736838494	0.03181139846646715	1100.0	13.75	1100.0	11.0
30.0	60000	0.39796842105176106	0.025805020319833817	600.0	7.5	600.0	6.0
30.0	250000	0.650352668701901	0.03418708648217129	2500.0	25.0	2500.0	25.0
