field	type	mean	err	time
0.0	Q = +1	0.37472283813747226	0.006870036977751514	0.0
0.0	Q = +2	0.24	0.007611989676246006	0.0
0.0	Q = +3	0.12350332594235032	0.004508499630450852	0.0
0.0	Q = +4	0.057333333333333326	0.0035338845753708336	0.0
0.0	Q = -1	0.3769401330376941	0.004219985934551423	0.0
0.0	Q = -2	0.24755555555555558	0.007526450842003284	0.0
0.0	Q = -3	0.12483370288248337	0.0038836081760294603	0.0
0.0	Q = -4	0.05244444444444444	0.0022758950364055127	0.0
0.0	Q = 0	0.4026666666666666	0.008794561232388639	0.0
3378.3783783783783	Q = +1	0.37468688200395517	0.007153257108967844	33.78378378378378
3378.3783783783783	Q = +2	0.2415015015015015	0.007684835348396842	33.78378378378378
3378.3783783783783	Q = +3	0.12259243722658357	0.004545586551242457	33.78378378378378
3378.3783783783783	Q = +4	0.057777777777777775	0.003378297555849297	33.78378378378378
3378.3783783783783	Q = -1	0.3780787439324024	0.004124026691388498	33.78378378378378
3378.3783783783783	Q = -2	0.24527327327327333	0.007214798582347891	33.78378378378378
3378.3783783783783	Q = -3	0.12464193683705879	0.0038868228000450296	33.78378378378378
3378.3783783783783	Q = -4	0.05305705705705706	0.002324464856822821	33.78378378378378
3378.3783783783783	Q = 0	0.4023903903903904	0.009271451756630855	33.78378378378378
6756.756756756757	Q = +1	0.37255947743752615	0.006494491348982663	67.56756756756756
6756.756756756757	Q = +2	0.24289489489489488	0.00803711327432798	67.56756756756756
6756.756756756757	Q = +3	0.1233355306526038	0.004231642324608843	67.56756756756756
6756.756756756757	Q = +4	0.057777777777777775	0.003316611044081991	67.56756756756756
6756.756756756757	Q = -1	0.3782765026667466	0.003982742338327366	67.56756756756756
6756.756756756757	Q = -2	0.2414294294294294	0.007536434361681453	67.56756756756756
6756.756756756757	Q = -3	0.12582848924312337	0.004106214566824607	67.56756756756756
6756.756756756757	Q = -4	0.05478678678678679	0.0028392567154122096	67.56756756756756
6756.756756756757	Q = 0	0.4031111111111111	0.00894077956001278	67.56756756756756
10135.135135135135	Q = +1	0.37253550668184815	0.006901926963097283	101.35135135135135
10135.135135135135	Q = +2	0.24601801801801804	0.008303254972734571	101.35135135135135
10135.135135135135	Q = +3	0.1232516330077306	0.00415288537951068	101.35135135135135
10135.135135135135	Q = +4	0.05733333333333333	0.00371553665303243	101.35135135135135
10135.135135135135	Q = -1	0.37887577155869845	0.004275578580150349	101.35135135135135
10135.135135135135	Q = -2	0.24418018018018017	0.006797633812074659	101.35135135135135
10135.135135135135	Q = -3	0.1253370887517229	0.0040280227074144595	101.35135135135135
10135.135135135135	Q = -4	0.054606606606606614	0.002762658308509799	101.35135135135135
10135.135135135135	Q = 0	0.3978618618618618	0.009433807314343868	101.35135135135135
13513.513513513513	Q = +1	0.37040210942649965	0.0061830847146382905	135.13513513513513
13513.513513513513	Q = +2	0.24800000000000005	0.008357579339479762	135.13513513513513
13513.513513513513	Q = +3	0.12328758914124767	0.00391625315801789	135.13513513513513
13513.513513513513	Q = +4	0.05732132132132132	0.004055832726880851	135.13513513513513
13513.513513513513	Q = -1	0.38202193324144545	0.004423614817813982	135.13513513513513
13513.513513513513	Q = -2	0.24554954954954958	0.007538547510458249	135.13513513513513
13513.513513513513	Q = -3	0.1242883681908072	0.004014097700031389	135.13513513513513
13513.513513513513	Q = -4	0.053993993993993995	0.0029095226720264426	135.13513513513513
13513.513513513513	Q = 0	0.39513513513513515	0.009130766584791962	135.13513513513513
16891.891891891893	Q = +1	0.3718403547671841	0.00594254303507075	168.91891891891893
16891.891891891893	Q = +2	0.25012612612612617	0.009065900667847824	168.91891891891893
16891.891891891893	Q = +3	0.12244262000359563	0.004146401855644464	168.91891891891893
16891.891891891893	Q = +4	0.05654054054054054	0.0037740599907923277	168.91891891891893
16891.891891891893	Q = -1	0.38039192185533655	0.0045570817006017495	168.91891891891893
16891.891891891893	Q = -2	0.2421621621621622	0.007861584268448223	168.91891891891893
16891.891891891893	Q = -3	0.12532510337388386	0.0037394256144054824	168.91891891891893
16891.891891891893	Q = -4	0.054570570570570576	0.0031239469153004017	168.91891891891893
16891.891891891893	Q = 0	0.39660060060060054	0.01016805839054121	168.91891891891893
20270.27027027027	Q = +1	0.37127704200874934	0.006144013062084518	202.7027027027027
20270.27027027027	Q = +2	0.25090690690690687	0.009072560630904952	202.7027027027027
20270.27027027027	Q = +3	0.12406663870078505	0.0037585627036545487	202.7027027027027
20270.27027027027	Q = +4	0.05507507507507507	0.0039143209494217086	202.7027027027027
20270.27027027027	Q = -1	0.3782705099778271	0.00472280497982136	202.7027027027027
20270.27027027027	Q = -2	0.24420420420420422	0.007766715097449273	202.7027027027027
20270.27027027027	Q = -3	0.12638580931263857	0.003405713062700548	202.7027027027027
20270.27027027027	Q = -4	0.05466666666666666	0.0028917364882878717	202.7027027027027
20270.27027027027	Q = 0	0.39514714714714716	0.011069665598174789	202.7027027027027
23648.648648648646	Q = +1	0.3684604782165758	0.0063670279089514436	236.48648648648646
23648.648648648646	Q = +2	0.25000600600600603	0.009608192254500348	236.48648648648646
23648.648648648646	Q = +3	0.1256307305087793	0.003823224901217593	236.48648648648646
23648.648648648646	Q = +4	0.0547987987987988	0.0025554706670650957	236.48648648648646
23648.648648648646	Q = -1	0.38221369928687	0.004439437090175269	236.48648648648646
23648.648648648646	Q = -2	0.24468468468468468	0.007761532227831361	236.48648648648646
23648.648648648646	Q = -3	0.12369509198777492	0.0033282234688385972	236.48648648648646
23648.648648648646	Q = -4	0.055999999999999994	0.0027823535434934803	236.48648648648646
23648.648648648646	Q = 0	0.39451051051051056	0.010633748922919673	236.48648648648646
27027.027027027027	Q = +1	0.37028225564810924	0.006356918627912503	270.27027027027026
27027.027027027027	Q = +2	0.24755555555555553	0.011099290486529278	270.27027027027026
27027.027027027027	Q = +3	0.1250434469946665	0.0044569403742087095	270.27027027027026
27027.027027027027	Q = +4	0.054654654654654654	0.0029672884586424667	270.27027027027026
27027.027027027027	Q = -1	0.3818241745071014	0.005018594222497177	270.27027027027026
27027.027027027027	Q = -2	0.24434834834834834	0.007093391155150113	270.27027027027026
27027.027027027027	Q = -3	0.12285012285012284	0.004256824974758512	270.27027027027026
27027.027027027027	Q = -4	0.055987987987987986	0.0029023063830857444	270.27027027027026
27027.027027027027	Q = 0	0.39745345345345345	0.012360805890191284	270.27027027027026
30405.405405405407	Q = +1	0.36767543596811886	0.006795368665786944	304.05405405405406
30405.405405405407	Q = +2	0.24595795795795797	0.009871850556678486	304.05405405405406
30405.405405405407	Q = +3	0.12492359321627615	0.004722335196776752	304.05405405405406
30405.405405405407	Q = +4	0.05529129129129129	0.0037067238720905533	304.05405405405406
30405.405405405407	Q = -1	0.3847366213219871	0.005859846470515411	304.05405405405406
30405.405405405407	Q = -2	0.24151351351351352	0.006558338554648591	304.05405405405406
30405.405405405407	Q = -3	0.12266434949361779	0.00409939102439703	304.05405405405406
30405.405405405407	Q = -4	0.054582582582582584	0.002494414156041803	304.05405405405406
30405.405405405407	Q = 0	0.40265465465465466	0.011239310560780032	304.05405405405406
33783.78378378379	Q = +1	0.3679151435248996	0.006571898392848438	337.83783783783787
33783.78378378379	Q = +2	0.24612612612612614	0.01033695498801315	337.83783783783787
33783.78378378379	Q = +3	0.12486366632708097	0.004904569957605009	337.83783783783787
33783.78378378379	Q = +4	0.05555555555555556	0.0035293995048831265	337.83783783783787
33783.78378378379	Q = -1	0.38583927608317853	0.006759862010022565	337.83783783783787
33783.78378378379	Q = -2	0.24406006006006006	0.0067147946988144495	337.83783783783787
33783.78378378379	Q = -3	0.12138191406484089	0.004506178425862156	337.83783783783787
33783.78378378379	Q = -4	0.054570570570570576	0.0027327759991001557	337.83783783783787
33783.78378378379	Q = 0	0.3996876876876877	0.011642307981105746	337.83783783783787
37162.16216216216	Q = +1	0.36756157487864805	0.006567452710261735	371.6216216216216
37162.16216216216	Q = +2	0.24615015015015013	0.01090631893158651	371.6216216216216
37162.16216216216	Q = +3	0.12446215616947323	0.004806806057231192	371.6216216216216
37162.16216216216	Q = +4	0.05651651651651651	0.004256399388517646	371.6216216216216
37162.16216216216	Q = -1	0.3875771558698388	0.006518873155980519	371.6216216216216
37162.16216216216	Q = -2	0.24622222222222226	0.0057183513695144746	371.6216216216216
37162.16216216216	Q = -3	0.12039911308203992	0.004376545596887882	371.6216216216216
37162.16216216216	Q = -4	0.05407807807807809	0.002874964099206263	371.6216216216216
37162.16216216216	Q = 0	0.39703303303303306	0.012735326886785265	371.6216216216216
40540.54054054054	Q = +1	0.36851441241685146	0.006005912844733883	405.4054054054054
40540.54054054054	Q = +2	0.24413213213213208	0.011594384376429295	405.4054054054054
40540.54054054054	Q = +3	0.12416851441241686	0.0045978588699165535	405.4054054054054
40540.54054054054	Q = +4	0.05418618618618618	0.004256708236472862	405.4054054054054
40540.54054054054	Q = -1	0.38840414694073233	0.005761922179474714	405.4054054054054
40540.54054054054	Q = -2	0.24594594594594593	0.0058516090449980155	405.4054054054054
40540.54054054054	Q = -3	0.11891292622999941	0.004939517641280886	405.4054054054054
40540.54054054054	Q = -4	0.05175975975975976	0.002528074351892654	405.4054054054054
40540.54054054054	Q = 0	0.403975975975976	0.012080265879301064	405.4054054054054
43918.91891891892	Q = +1	0.3700485407802481	0.006099381169290089	439.1891891891892
43918.91891891892	Q = +2	0.24874474474474476	0.012312267389258608	439.1891891891892
43918.91891891892	Q = +3	0.12289207167255949	0.004105514839520718	439.1891891891892
43918.91891891892	Q = +4	0.051627627627627626	0.004126409271958603	439.1891891891892
43918.91891891892	Q = -1	0.3900820998381974	0.0057941107201538835	439.1891891891892
43918.91891891892	Q = -2	0.24677477477477477	0.005640764898402475	439.1891891891892
43918.91891891892	Q = -3	0.116977287708995	0.004813082283016499	439.1891891891892
43918.91891891892	Q = -4	0.052372372372372376	0.002265431355453817	439.1891891891892
43918.91891891892	Q = 0	0.4004804804804805	0.013232139810264738	439.1891891891892
47297.29729729729	Q = +1	0.37625097381194944	0.006663615288547875	472.9729729729729
47297.29729729729	Q = +2	0.2507027027027027	0.011459644828515933	472.9729729729729
47297.29729729729	Q = +3	0.12000359561335172	0.004205012400274201	472.9729729729729
47297.29729729729	Q = +4	0.0484924924924925	0.003946739658389984	472.9729729729729
47297.29729729729	Q = -1	0.38857793491939835	0.006765228833880223	472.9729729729729
47297.29729729729	Q = -2	0.2512912912912913	0.0054536827528268855	472.9729729729729
47297.29729729729	Q = -3	0.11516749565530053	0.0050024002413162506	472.9729729729729
47297.29729729729	Q = -4	0.04964564564564565	0.002115618871767299	472.9729729729729
47297.29729729729	Q = 0	0.3998678678678679	0.011557035110963862	472.9729729729729
50675.67567567567	Q = +1	0.38221969197578953	0.0051742776950662265	506.7567567567567
50675.67567567567	Q = +2	0.2537897897897897	0.01249080864399343	506.7567567567567
50675.67567567567	Q = +3	0.11638401150596274	0.004079270588956296	506.7567567567567
50675.67567567567	Q = +4	0.04666666666666666	0.0037063864969034167	506.7567567567567
50675.67567567567	Q = -1	0.3872835141127824	0.00688042696837069	506.7567567567567
50675.67567567567	Q = -2	0.2506546546546547	0.0053348015666379815	506.7567567567567
50675.67567567567	Q = -3	0.11411278240546532	0.004745595855208141	506.7567567567567
50675.67567567567	Q = -4	0.04903303303303303	0.0030879568357348036	506.7567567567567
50675.67567567567	Q = 0	0.39985585585585587	0.011754132767439378	506.7567567567567
54054.05405405405	Q = +1	0.38347815664888835	0.0047369917900585475	540.5405405405405
54054.05405405405	Q = +2	0.25017417417417415	0.0140319867591216	540.5405405405405
54054.05405405405	Q = +3	0.11301012764427398	0.003468045471212202	540.5405405405405
54054.05405405405	Q = +4	0.04884084084084085	0.00446762166336975	540.5405405405405
54054.05405405405	Q = -1	0.39207766524839693	0.006981390857057421	540.5405405405405
54054.05405405405	Q = -2	0.24970570570570566	0.005275016566206	540.5405405405405
54054.05405405405	Q = -3	0.11143405045844068	0.0048891368862644035	540.5405405405405
54054.05405405405	Q = -4	0.047579579579579576	0.002204126923026468	540.5405405405405
54054.05405405405	Q = 0	0.4036996996996997	0.011367815146949265	540.5405405405405
57432.43243243243	Q = +1	0.3896086774135555	0.004076097608728799	574.3243243243244
57432.43243243243	Q = +2	0.2534054054054054	0.014242160631018734	574.3243243243244
57432.43243243243	Q = +3	0.10861149397734764	0.0031541285305535403	574.3243243243244
57432.43243243243	Q = +4	0.04431231231231231	0.0037926795873744093	574.3243243243244
57432.43243243243	Q = -1	0.3937735962126206	0.0063609221133287385	574.3243243243244
57432.43243243243	Q = -2	0.25054654654654657	0.006305455874780493	574.3243243243244
57432.43243243243	Q = -3	0.1080062323964763	0.004904104974849117	574.3243243243244
57432.43243243243	Q = -4	0.04526126126126125	0.0022585422123212024	574.3243243243244
57432.43243243243	Q = 0	0.4064744744744745	0.012509554965781886	574.3243243243244
60810.81081081081	Q = +1	0.3897045604362678	0.004461707933819421	608.1081081081081
60810.81081081081	Q = +2	0.2564684684684685	0.013060744983959087	608.1081081081081
60810.81081081081	Q = +3	0.10656798705579193	0.0038868597578911677	608.1081081081081
60810.81081081081	Q = +4	0.04302702702702703	0.0035193259190068557	608.1081081081081
60810.81081081081	Q = -1	0.3987115718823036	0.004867959324097699	608.1081081081081
60810.81081081081	Q = -2	0.2517237237237237	0.006083298450145864	608.1081081081081
60810.81081081081	Q = -3	0.10501588062563674	0.004154404669850484	608.1081081081081
60810.81081081081	Q = -4	0.0424984984984985	0.0022050977415169694	608.1081081081081
60810.81081081081	Q = 0	0.4062822822822822	0.010027421094101062	608.1081081081081
64189.18918918919	Q = +1	0.39479235332893875	0.0045731232259447405	641.8918918918919
64189.18918918919	Q = +2	0.26457657657657657	0.013900863958890765	641.8918918918919
64189.18918918919	Q = +3	0.10064721040330797	0.0030206065126568695	641.8918918918919
64189.18918918919	Q = +4	0.03777777777777778	0.0033125118107348727	641.8918918918919
64189.18918918919	Q = -1	0.404937975669683	0.005737283237297626	641.8918918918919
64189.18918918919	Q = -2	0.24580180180180183	0.006110510235023701	641.8918918918919
64189.18918918919	Q = -3	0.09962246059807035	0.004336894613346411	641.8918918918919
64189.18918918919	Q = -4	0.04188588588588589	0.0019161617049935236	641.8918918918919
64189.18918918919	Q = 0	0.4099579579579579	0.010211944346247403	641.8918918918919
67567.56756756757	Q = +1	0.39883142566069396	0.0036189209483340834	675.6756756756757
67567.56756756757	Q = +2	0.26521321321321323	0.01441132710792709	675.6756756756757
67567.56756756757	Q = +3	0.09569125666686643	0.002692056856424751	675.6756756756757
67567.56756756757	Q = +4	0.036000000000000004	0.0025992771547514314	675.6756756756757
67567.56756756757	Q = -1	0.41164379457062383	0.0062036822673440005	675.6756756756757
67567.56756756757	Q = -2	0.24425225225225225	0.005397040946101554	675.6756756756757
67567.56756756757	Q = -3	0.09383352310181577	0.00485893222400572	675.6756756756757
67567.56756756757	Q = -4	0.04050450450450451	0.0026060376192053205	675.6756756756757
67567.56756756757	Q = 0	0.41403003003003	0.010942215517379334	675.6756756756757
70945.94594594595	Q = +1	0.4063103014322527	0.0034174379503831083	709.4594594594595
70945.94594594595	Q = +2	0.2636276276276276	0.01332002871268107	709.4594594594595
70945.94594594595	Q = +3	0.08836819080721521	0.0026425908475001467	709.4594594594595
70945.94594594595	Q = +4	0.03508708708708709	0.0031283778078533982	709.4594594594595
70945.94594594595	Q = -1	0.41719901719901714	0.007382214436533465	709.4594594594595
70945.94594594595	Q = -2	0.24404804804804803	0.005986435917352676	709.4594594594595
70945.94594594595	Q = -3	0.08812249056151494	0.005204556312641868	709.4594594594595
70945.94594594595	Q = -4	0.03735735735735736	0.0029722549966701532	709.4594594594595
70945.94594594595	Q = 0	0.41987987987987985	0.010984906721642691	709.4594594594595
74324.32432432432	Q = +1	0.4142745850062923	0.004236500951483965	743.2432432432432
74324.32432432432	Q = +2	0.26160960960960955	0.013102327820568414	743.2432432432432
74324.32432432432	Q = +3	0.08346017858212981	0.0033325200055960105	743.2432432432432
74324.32432432432	Q = +4	0.029501501501501513	0.0031344575005607988	743.2432432432432
74324.32432432432	Q = -1	0.4162222089051357	0.006472043920951757	743.2432432432432
74324.32432432432	Q = -2	0.2412132132132132	0.005248894954711222	743.2432432432432
74324.32432432432	Q = -3	0.08604302750644215	0.004869424314312565	743.2432432432432
74324.32432432432	Q = -4	0.032612612612612626	0.0035910916142623097	743.2432432432432
74324.32432432432	Q = 0	0.435063063063063	0.009680476928100052	743.2432432432432
77702.7027027027	Q = +1	0.4198777491460418	0.0035083513036102787	777.0270270270271
77702.7027027027	Q = +2	0.25863063063063063	0.012998472819180203	777.0270270270271
77702.7027027027	Q = +3	0.07599928087732964	0.0033787146476047104	777.0270270270271
77702.7027027027	Q = +4	0.02466066066066065	0.0021962281330971086	777.0270270270271
77702.7027027027	Q = -1	0.4241745071013364	0.004531763832914908	777.0270270270271
77702.7027027027	Q = -2	0.23120720720720725	0.008066091656271968	777.0270270270271
77702.7027027027	Q = -3	0.07994846287529213	0.004250112267446244	777.0270270270271
77702.7027027027	Q = -4	0.028216216216216207	0.0026729508389997034	777.0270270270271
77702.7027027027	Q = 0	0.4572852852852852	0.008813420396292501	777.0270270270271
81081.08108108108	Q = +1	0.4262959189788459	0.0038561679154084823	810.8108108108108
81081.08108108108	Q = +2	0.2578618618618619	0.013629103241147616	810.8108108108108
81081.08108108108	Q = +3	0.06898783484149339	0.0032952136897553	810.8108108108108
81081.08108108108	Q = +4	0.01948481815148482	0.003148843891624849	810.8108108108108
81081.08108108108	Q = -1	0.43402049499610473	0.0036499936143234483	810.8108108108108
81081.08108108108	Q = -2	0.22982582582582584	0.009370927208083605	810.8108108108108
81081.08108108108	Q = -3	0.07069575118355606	0.0038466865355433577	810.8108108108108
81081.08108108108	Q = -4	0.02433633633633634	0.00238008991240968	810.8108108108108
81081.08108108108	Q = 0	0.4697177177177177	0.009731545367901231	810.8108108108108
84459.45945945945	Q = +1	0.43516509857973273	0.0027192430829122267	844.5945945945946
84459.45945945945	Q = +2	0.2413813813813815	0.012294525593278009	844.5945945945946
84459.45945945945	Q = +3	0.06343261221310002	0.0037383605191366387	844.5945945945946
84459.45945945945	Q = +4	0.018502502502502516	0.0027279219823506543	844.5945945945946
84459.45945945945	Q = -1	0.4352370108467669	0.0037223641344646128	844.5945945945946
84459.45945945945	Q = -2	0.22372372372372373	0.01015138207662252	844.5945945945946
84459.45945945945	Q = -3	0.06616527836040033	0.0037148490155184772	844.5945945945946
84459.45945945945	Q = -4	0.01983183183183184	0.002515104207104751	844.5945945945946
84459.45945945945	Q = 0	0.4974534534534533	0.009053141597600237	844.5945945945946
87837.83783783784	Q = +1	0.4426859231737281	0.003179922623928846	878.3783783783784
87837.83783783784	Q = +2	0.23637237237237238	0.011880667294410088	878.3783783783784
87837.83783783784	Q = +3	0.055642116617726375	0.0035473732056181388	878.3783783783784
87837.83783783784	Q = +4	0.01581448114781448	0.0027550214814497905	878.3783783783784
87837.83783783784	Q = -1	0.443321148199197	0.0036962801836435298	878.3783783783784
87837.83783783784	Q = -2	0.2187867867867868	0.009713258177432458	878.3783783783784
87837.83783783784	Q = -3	0.058350812009348586	0.0037738934350290032	878.3783783783784
87837.83783783784	Q = -4	0.01658858858858859	0.002745208334796117	878.3783783783784
87837.83783783784	Q = 0	0.512996996996997	0.01155808379502089	878.3783783783784
91216.21621621621	Q = +1	0.4475939353988134	0.0038658701572706084	912.1621621621621
91216.21621621621	Q = +2	0.22976576576576577	0.010548309741848776	912.1621621621621
91216.21621621621	Q = +3	0.05016479894528677	0.002851837903015572	912.1621621621621
91216.21621621621	Q = +4	0.012444444444444445	0.0022685571530737256	912.1621621621621
91216.21621621621	Q = -1	0.4477797087553185	0.004586914823999861	912.1621621621621
91216.21621621621	Q = -2	0.20819219219219218	0.011121445292958247	912.1621621621621
91216.21621621621	Q = -3	0.0544615569005813	0.003338546305707459	912.1621621621621
91216.21621621621	Q = -4	0.014822822822822828	0.0025206278535291953	912.1621621621621
91216.21621621621	Q = 0	0.5352192192192192	0.012601536996359075	912.1621621621621
94594.59459459459	Q = +1	0.4599508599508598	0.00453332206555415	945.9459459459458
94594.59459459459	Q = +2	0.21993993993994004	0.011875446578408827	945.9459459459458
94594.59459459459	Q = +3	0.041109845987894765	0.003616791733678159	945.9459459459458
94594.59459459459	Q = +4	0.01005405405405407	0.002112813170872086	945.9459459459458
94594.59459459459	Q = -1	0.4529813627374602	0.005664853683221127	945.9459459459458
94594.59459459459	Q = -2	0.20532132132132133	0.010347574281672772	945.9459459459458
94594.59459459459	Q = -3	0.04595793132378502	0.004029064709572749	945.9459459459458
94594.59459459459	Q = -4	0.011207207207207219	0.0022817940225486446	945.9459459459458
94594.59459459459	Q = 0	0.5542822822822823	0.012632860433659117	945.9459459459458
97972.97297297297	Q = +1	0.4640378737939714	0.004610323412076853	979.7297297297297
97972.97297297297	Q = +2	0.21101501501501502	0.007818417370075301	979.7297297297297
97972.97297297297	Q = +3	0.03466770539941271	0.0032075444088063626	979.7297297297297
97972.97297297297	Q = +4	0.00992992992992993	0.0015687317737064848	979.7297297297297
97972.97297297297	Q = -1	0.4607179241325582	0.005448991514615744	979.7297297297297
97972.97297297297	Q = -2	0.19604804804804804	0.009894305466481583	979.7297297297297
97972.97297297297	Q = -3	0.04057649667405765	0.004024070157810388	979.7297297297297
97972.97297297297	Q = -4	0.008456781105429755	0.0012410178492478483	979.7297297297297
97972.97297297297	Q = 0	0.5777777777777777	0.010406220763164364	979.7297297297297
101351.35135135135	Q = +1	0.4645412596632109	0.0059921082664165385	1013.5135135135134
101351.35135135135	Q = +2	0.19471471471471483	0.006864385803925779	1013.5135135135134
101351.35135135135	Q = +3	0.03035296937735963	0.002632046007077805	1013.5135135135134
101351.35135135135	Q = +4	0.010798798798798803	0.0015272480613164818	1013.5135135135134
101351.35135135135	Q = -1	0.4679031581470606	0.006048945574888352	1013.5135135135134
101351.35135135135	Q = -2	0.17786186186186187	0.010482067238548578	1013.5135135135134
101351.35135135135	Q = -3	0.037202612812368925	0.003823074607045322	1013.5135135135134
101351.35135135135	Q = -4	0.00779157535914293	0.001335167379869049	1013.5135135135134
101351.35135135135	Q = 0	0.6127807807807806	0.009254226048612478	1013.5135135135134
104729.72972972973	Q = +1	0.47467489662611617	0.005800280715604247	1047.2972972972973
104729.72972972973	Q = +2	0.17505105105105104	0.005380256627298535	1047.2972972972973
104729.72972972973	Q = +3	0.02696710013783184	0.002716156825376832	1047.2972972972973
104729.72972972973	Q = +4	0.008084084084084089	0.001671454674137073	1047.2972972972973
104729.72972972973	Q = -1	0.4656259363576437	0.006017583112445908	1047.2972972972973
104729.72972972973	Q = -2	0.17293693693693696	0.008745079322012135	1047.2972972972973
104729.72972972973	Q = -3	0.032732066878408336	0.0034402395815368828	1047.2972972972973
104729.72972972973	Q = -4	0.007342585829072318	0.001747031622286663	1047.2972972972973
104729.72972972973	Q = 0	0.6402522522522522	0.008318590788496569	1047.2972972972973
108108.1081081081	Q = +1	0.47674836699226947	0.0040204372879849865	1081.081081081081
108108.1081081081	Q = +2	0.17045045045045043	0.00666976213730366	1081.081081081081
108108.1081081081	Q = +3	0.022148978246539223	0.0027207541004470584	1081.081081081081
108108.1081081081	Q = +4	0.006054054054054058	0.0008840057414041624	1081.081081081081
108108.1081081081	Q = -1	0.4737759932881884	0.004708027096580326	1081.081081081081
108108.1081081081	Q = -2	0.15954354354354355	0.009677799437066582	1081.081081081081
108108.1081081081	Q = -3	0.027326661473002938	0.002629357472722284	1081.081081081081
108108.1081081081	Q = -4	0.006881584286989694	0.001331165927765148	1081.081081081081
108108.1081081081	Q = 0	0.6614534534534535	0.00833952815884054	1081.081081081081
111486.48648648648	Q = +1	0.4728351411278241	0.005398528410220514	1114.8648648648648
111486.48648648648	Q = +2	0.15906306306306306	0.0071855039700176515	1114.8648648648648
111486.48648648648	Q = +3	0.023311559896925765	0.0028275643241570496	1114.8648648648648
111486.48648648648	Q = +4	0.005861861861861868	0.0007501071649150937	1114.8648648648648
111486.48648648648	Q = -1	0.4801162581650387	0.003502224683575085	1114.8648648648648
111486.48648648648	Q = -2	0.15458258258258267	0.0070321630515118964	1114.8648648648648
111486.48648648648	Q = -3	0.023737040810211548	0.0023312073403602453	1114.8648648648648
111486.48648648648	Q = -4	0.005591753916078235	0.0006869609778957464	1114.8648648648648
111486.48648648648	Q = 0	0.6796876876876877	0.00942958159735595	1114.8648648648648
114864.86486486487	Q = +1	0.4722358722358722	0.005689912175729567	1148.6486486486488
114864.86486486487	Q = +2	0.15262462462462462	0.0075051997787810515	1148.6486486486488
114864.86486486487	Q = +3	0.019883741834961343	0.003301286938419911	1148.6486486486488
114864.86486486487	Q = +4	0.005171171171171171	0.0004821833355035255	1148.6486486486488
114864.86486486487	Q = -1	0.48875172289806434	0.004784993550982092	1148.6486486486488
114864.86486486487	Q = -2	0.14355555555555558	0.007834055621613734	1148.6486486486488
114864.86486486487	Q = -3	0.019128663031102056	0.0018778961913664544	1148.6486486486488
114864.86486486487	Q = -4	0.0051187403619836055	0.00047713853734801645	1148.6486486486488
114864.86486486487	Q = 0	0.6988708708708709	0.013645202119801662	1148.6486486486488
118243.24324324324	Q = +1	0.467885180080302	0.004349912504203517	1182.4324324324325
118243.24324324324	Q = +2	0.1484924924924925	0.004137389862189523	1182.4324324324325
118243.24324324324	Q = +3	0.018139869359381562	0.0023331680896797706	1182.4324324324325
118243.24324324324	Q = +4	0.006288288288288283	0.0008789700815272593	1182.4324324324325
118243.24324324324	Q = -1	0.4968838017618505	0.0038453813613250083	1182.4324324324325
118243.24324324324	Q = -2	0.1294654654654655	0.005972245454082732	1182.4324324324325
118243.24324324324	Q = -3	0.01709114879846588	0.0019952404548298423	1182.4324324324325
118243.24324324324	Q = -4	0.004633714795876959	0.00018927035143251363	1182.4324324324325
118243.24324324324	Q = 0	0.7164804804804804	0.008804021813317972	1182.4324324324325
121621.62162162163	Q = +1	0.46367831245880026	0.005359757397894542	1216.2162162162163
121621.62162162163	Q = +2	0.14363963963963972	0.005950300222627937	1216.2162162162163
121621.62162162163	Q = +3	0.016605740995984893	0.0015752009513978057	1216.2162162162163
121621.62162162163	Q = +4	0.005169169169169164	0.0003730605972818349	1216.2162162162163
121621.62162162163	Q = -1	0.5078204590399713	0.00416793321393917	1216.2162162162163
121621.62162162163	Q = -2	0.11644444444444446	0.005602950894340413	1216.2162162162163
121621.62162162163	Q = -3	0.011895487505243595	0.0015105129524459761	1216.2162162162163
121621.62162162163	Q = -4	0.004593133674214755	0.00014868922977031074	1216.2162162162163
121621.62162162163	Q = 0	0.7364204204204203	0.007029349193803545	1216.2162162162163
125000.0	Q = +1	0.47028824833702887	0.004737729640957088	1250.0
125000.0	Q = +2	0.1248888888888889	0.004752300720694946	1250.0
125000.0	Q = +3	0.015299334811529933	0.0017937414781244046	1250.0
125000.0	Q = +4	0.005185185185185185	0.0005060222600473877	1250.0
125000.0	Q = -1	0.5059866962305988	0.003149634257599786	1250.0
125000.0	Q = -2	0.1128888888888889	0.008119816062841314	1250.0
125000.0	Q = -3	0.008425720620842573	0.0012715927963108096	1250.0
125000.0	Q = -4	0.004552552552552553	0.00010810810810810817	1250.0
125000.0	Q = 0	0.7600000000000001	0.008060130671843222	1250.0
128378.37837837837	Q = +1	0.4653203092227483	0.007271759195688159	1283.7837837837837
128378.37837837837	Q = +2	0.11670870870870872	0.004214533286064768	1283.7837837837837
128378.37837837837	Q = +3	0.017534607778510233	0.0014365297425811207	1283.7837837837837
128378.37837837837	Q = +4	0.0053633633633633606	0.0005220620893163716	1283.7837837837837
128378.37837837837	Q = -1	0.509690177982861	0.006836037580722128	1283.7837837837837
128378.37837837837	Q = -2	0.10739939939939946	0.00607510336165803	1283.7837837837837
128378.37837837837	Q = -3	0.007454905015880626	0.0008327801463751099	1283.7837837837837
128378.37837837837	Q = -4	0.00451197143089035	6.752698644590542e-05	1283.7837837837837
128378.37837837837	Q = 0	0.7736096096096097	0.005555677838656362	1283.7837837837837
131756.75675675675	Q = +1	0.4535326901180559	0.005816253379022314	1317.5675675675675
131756.75675675675	Q = +2	0.13046246246246246	0.009272592947982645	1317.5675675675675
131756.75675675675	Q = +3	0.014352489962246067	0.0013964165383325321	1317.5675675675675
131756.75675675675	Q = +4	0.006450450450450442	0.0009825812772829277	1317.5675675675675
131756.75675675675	Q = -1	0.5258524599988015	0.005342011142143095	1317.5675675675675
131756.75675675675	Q = -2	0.09209609609609612	0.004737603119907803	1317.5675675675675
131756.75675675675	Q = -3	0.006262359920896509	0.0009652281335806791	1317.5675675675675
131756.75675675675	Q = -4	0.004471390309228147	2.6945864783702717e-05	1317.5675675675675
131756.75675675675	Q = 0	0.7735375375375376	0.011181915821881942	1317.5675675675675
135135.13513513515	Q = +1	0.4493977347635886	0.007337913471845163	1351.3513513513515
135135.13513513515	Q = +2	0.1229549549549549	0.009076136520128475	1351.3513513513515
135135.13513513515	Q = +3	0.015563013123988717	0.0014933984389982025	1351.3513513513515
135135.13513513515	Q = +4	0.0044444444444444444	0.0	1351.3513513513515
135135.13513513515	Q = -1	0.531018157847426	0.006473080853973206	1351.3513513513515
135135.13513513515	Q = -2	0.08699099099099099	0.005615001420629066	1351.3513513513515
135135.13513513515	Q = -3	0.004021094264996706	0.0007810164687687492	1351.3513513513515
135135.13513513515	Q = -4	0.0044444444444444444	0.0	1351.3513513513515
135135.13513513515	Q = 0	0.7871831831831833	0.010584076214576441	1351.3513513513515
138513.51351351352	Q = +1	0.44584407023431405	0.005471585703399072	1385.1351351351352
138513.51351351352	Q = +2	0.11978378378378378	0.007493690054029525	1385.1351351351352
138513.51351351352	Q = +3	0.014412416851441243	0.0013306303605477095	1385.1351351351352
138513.51351351352	Q = +4	0.004660660660660658	0.00021621621621621304	1385.1351351351352
138513.51351351352	Q = -1	0.5362018337628094	0.005776599840345305	1385.1351351351352
138513.51351351352	Q = -2	0.07171171171171167	0.00448580704078424	1385.1351351351352
138513.51351351352	Q = -3	0.0043886458520604864	0.0006755061765271366	1385.1351351351352
138513.51351351352	Q = -4	0.0044444444444444444	0.0	1385.1351351351352
138513.51351351352	Q = 0	0.8058378378378379	0.008312975762414245	1385.1351351351352
141891.8918918919	Q = +1	0.4468148858392761	0.003793329483761856	1418.918918918919
141891.8918918919	Q = +2	0.11311711711711714	0.005888419847728073	1418.918918918919
141891.8918918919	Q = +3	0.015724815724815728	0.0015179954063612342	1418.918918918919
141891.8918918919	Q = +4	0.005165165165165165	0.00045193837227699616	1418.918918918919
141891.8918918919	Q = -1	0.5347516030442859	0.005151367510681221	1418.918918918919
141891.8918918919	Q = -2	0.07230030030030031	0.00437274818993026	1418.918918918919
141891.8918918919	Q = -3	0.0037199616467909155	0.0005531845284452029	1418.918918918919
141891.8918918919	Q = -4	0.0044444444444444444	0.0	1418.918918918919
141891.8918918919	Q = 0	0.8114714714714715	0.007340579973311024	1418.918918918919
145270.27027027027	Q = +1	0.44710253490741303	0.005557849151160304	1452.7027027027027
145270.27027027027	Q = +2	0.1153993993993994	0.005342549309404066	1452.7027027027027
145270.27027027027	Q = +3	0.01358542578054773	0.001098843032538175	1452.7027027027027
145270.27027027027	Q = +4	0.005316173316173317	0.000581293312285194	1452.7027027027027
145270.27027027027	Q = -1	0.5369329418109906	0.005751523234420576	1452.7027027027027
145270.27027027027	Q = -2	0.06861261261261262	0.0047130307770639505	1452.7027027027027
145270.27027027027	Q = -3	0.002942410259483429	0.0004982268052382023	1452.7027027027027
145270.27027027027	Q = -4	0.0044444444444444444	0.0	1452.7027027027027
145270.27027027027	Q = 0	0.8127087087087087	0.005641861871772044	1452.7027027027027
148648.64864864864	Q = +1	0.44409420506981495	0.005921156743359662	1486.4864864864865
148648.64864864864	Q = +2	0.11640840840840845	0.005085824353346948	1486.4864864864865
148648.64864864864	Q = +3	0.014112782405465329	0.0012699615591592935	1486.4864864864865
148648.64864864864	Q = +4	0.0055301015301015225	0.00041632910558849417	1486.4864864864865
148648.64864864864	Q = -1	0.5394199077125907	0.006032349467034344	1486.4864864864865
148648.64864864864	Q = -2	0.062054054054054134	0.00512578824538898	1486.4864864864865
148648.64864864864	Q = -3	0.003325942350332594	0.00049580221230594	1486.4864864864865
148648.64864864864	Q = -4	0.0044444444444444444	0.0	1486.4864864864865
148648.64864864864	Q = 0	0.818162162162162	0.007914201319809728	1486.4864864864865
152027.027027027	Q = +1	0.44656918559357595	0.005200723006868761	1520.2702702702702
152027.027027027	Q = +2	0.11684084084084087	0.0060958787977531195	1520.2702702702702
152027.027027027	Q = +3	0.011386108947084514	0.0011637068801691952	1520.2702702702702
152027.027027027	Q = +4	0.0044444444444444444	0.0	1520.2702702702702
152027.027027027	Q = -1	0.5398214178701982	0.005085090720184841	1520.2702702702702
152027.027027027	Q = -2	0.05499099099099105	0.004500642989490572	1520.2702702702702
152027.027027027	Q = -3	0.0031161982381494513	0.0004879126789135868	1520.2702702702702
152027.027027027	Q = -4	0.0044444444444444444	0.0	1520.2702702702702
152027.027027027	Q = 0	0.825933933933934	0.007402459186487553	1520.2702702702702
155405.4054054054	Q = +1	0.4368310660993588	0.0039205520714000195	1554.0540540540542
155405.4054054054	Q = +2	0.11549549549549556	0.004337474906375632	1554.0540540540542
155405.4054054054	Q = +3	0.014855875831485588	0.001529393751837486	1554.0540540540542
155405.4054054054	Q = +4	0.004690690690690694	0.00017139054835495243	1554.0540540540542
155405.4054054054	Q = -1	0.5458740336789117	0.003802659010675242	1554.0540540540542
155405.4054054054	Q = -2	0.04807207207207205	0.003562159636170993	1554.0540540540542
155405.4054054054	Q = -3	0.0033259423503325947	0.0004684913361393633	1554.0540540540542
155405.4054054054	Q = -4	0.0044444444444444444	0.0	1554.0540540540542
155405.4054054054	Q = 0	0.8351951951951951	0.007332926417732947	1554.0540540540542
158783.7837837838	Q = +1	0.43573440402708696	0.0046924999212197786	1587.837837837838
158783.7837837838	Q = +2	0.10735135135135132	0.00503072630004902	1587.837837837838
158783.7837837838	Q = +3	0.016467909150835985	0.0015977956689603187	1587.837837837838
158783.7837837838	Q = +4	0.005159159159159159	0.0004938456471032239	1587.837837837838
158783.7837837838	Q = -1	0.5456582968778091	0.004358389446127361	1587.837837837838
158783.7837837838	Q = -2	0.04793993993993993	0.004595419310509128	1587.837837837838
158783.7837837838	Q = -3	0.0028045784143345097	0.0003276003276003269	1587.837837837838
158783.7837837838	Q = -4	0.0044444444444444444	0.0	1587.837837837838
158783.7837837838	Q = 0	0.8421981981981983	0.005904787393446885	1587.837837837838
162162.16216216216	Q = +1	0.43402648768502433	0.0063720643239882505	1621.6216216216217
162162.16216216216	Q = +2	0.11626426426426431	0.006556413205533145	1621.6216216216217
162162.16216216216	Q = +3	0.013861089470845573	0.0018224530169875766	1621.6216216216217
162162.16216216216	Q = +4	0.0049969969969969955	0.000403670331487602	1621.6216216216217
162162.16216216216	Q = -1	0.550260681967999	0.0059767257742093655	1621.6216216216217
162162.16216216216	Q = -2	0.0420900900900901	0.0037673911768387374	1621.6216216216217
162162.16216216216	Q = -3	0.0028199881858418435	0.0004411989386963036	1621.6216216216217
162162.16216216216	Q = -4	0.0044444444444444444	0.0	1621.6216216216217
162162.16216216216	Q = 0	0.8392792792792794	0.005996174803191508	1621.6216216216217
165540.54054054053	Q = +1	0.433433211481992	0.004716982200071617	1655.4054054054054
165540.54054054053	Q = +2	0.10205405405405403	0.00219864668841394	1655.4054054054054
165540.54054054053	Q = +3	0.013986935938155448	0.002025674628309035	1655.4054054054054
165540.54054054053	Q = +4	0.006188588588588587	0.0009069874253556739	1655.4054054054054
165540.54054054053	Q = -1	0.551453227062983	0.003438889798815669	1655.4054054054054
165540.54054054053	Q = -2	0.0341261261261261	0.002552812407036573	1655.4054054054054
165540.54054054053	Q = -3	0.002604679433947726	0.0003873845337259972	1655.4054054054054
165540.54054054053	Q = -4	0.0044444444444444444	0.0	1655.4054054054054
165540.54054054053	Q = 0	0.8613573573573575	0.0034915649586819107	1655.4054054054054
168918.9189189189	Q = +1	0.43373883861688745	0.004031860044681679	1689.1891891891892
168918.9189189189	Q = +2	0.1115675675675675	0.00695025898033208	1689.1891891891892
168918.9189189189	Q = +3	0.012063282794990127	0.0017598303054055615	1689.1891891891892
168918.9189189189	Q = +4	0.0055879879879879935	0.0008536266092957722	1689.1891891891892
168918.9189189189	Q = -1	0.553682507341044	0.0032078653505884644	1689.1891891891892
168918.9189189189	Q = -2	0.038366366366366395	0.0039825330228369	1689.1891891891892
168918.9189189189	Q = -3	0.0027229636985734587	0.00034942195220315485	1689.1891891891892
168918.9189189189	Q = -4	0.0044444444444444444	0.0	1689.1891891891892
168918.9189189189	Q = 0	0.8461021021021022	0.009288491905992695	1689.1891891891892
172297.2972972973	Q = +1	0.439863366692635	0.005356508970865325	1722.9729729729731
172297.2972972973	Q = +2	0.09973573573573571	0.004643403582768608	1722.9729729729731
172297.2972972973	Q = +3	0.010864745011086476	0.0021180771634999695	1722.9729729729731
172297.2972972973	Q = +4	0.006534534534534531	0.001110950578633064	1722.9729729729731
172297.2972972973	Q = -1	0.5482291604242825	0.004431826994070032	1722.9729729729731
172297.2972972973	Q = -2	0.03514714714714718	0.0023980073243876	1722.9729729729731
172297.2972972973	Q = -3	0.0027193966218356457	0.0003375762318984185	1722.9729729729731
172297.2972972973	Q = -4	0.0044444444444444444	0.0	1722.9729729729731
172297.2972972973	Q = 0	0.8612972972972972	0.005498098211090237	1722.9729729729731
175675.67567567568	Q = +1	0.4304728231557499	0.00437001816387317	1756.7567567567569
175675.67567567568	Q = +2	0.11033033033033039	0.0061173856664736735	1756.7567567567569
175675.67567567568	Q = +3	0.011757655660094688	0.0011405297418885828	1756.7567567567569
175675.67567567568	Q = +4	0.007037037037037038	0.0008102833630059719	1756.7567567567569
175675.67567567568	Q = -1	0.5570384131359741	0.00432006927093065	1756.7567567567569
175675.67567567568	Q = -2	0.029993993993993957	0.0023846558410758746	1756.7567567567569
175675.67567567568	Q = -3	0.002516073247780563	0.0002302480366561336	1756.7567567567569
175675.67567567568	Q = -4	0.0044444444444444444	0.0	1756.7567567567569
175675.67567567568	Q = 0	0.8556636636636638	0.006613184458576497	1756.7567567567569
179054.05405405405	Q = +1	0.43038892551087676	0.004503425425498145	1790.5405405405406
179054.05405405405	Q = +2	0.10582582582582581	0.007666115044168136	1790.5405405405406
179054.05405405405	Q = +3	0.011589860370348174	0.0014824878311895167	1790.5405405405406
179054.05405405405	Q = +4	0.0057117117117117125	0.0005814973259965538	1790.5405405405406
179054.05405405405	Q = -1	0.5573680110265475	0.004187578121304238	1790.5405405405406
179054.05405405405	Q = -2	0.02690690690690691	0.0034268286455522395	1790.5405405405406
179054.05405405405	Q = -3	0.0023906548296792193	0.00017335992945749038	1790.5405405405406
179054.05405405405	Q = -4	0.0044444444444444444	0.0	1790.5405405405406
179054.05405405405	Q = 0	0.8637597597597596	0.00681821572284282	1790.5405405405406
182432.43243243243	Q = +1	0.43227662252052496	0.002083530000118322	1824.3243243243242
182432.43243243243	Q = +2	0.10751951951951948	0.003082326389467264	1824.3243243243242
182432.43243243243	Q = +3	0.01112243063462575	0.0010874230855118757	1824.3243243243242
182432.43243243243	Q = +4	0.006719919919919923	0.0007068551051994093	1824.3243243243242
182432.43243243243	Q = -1	0.5557140288847605	0.002407105654381462	1824.3243243243242
182432.43243243243	Q = -2	0.029321321321321342	0.0025207073565150055	1824.3243243243242
182432.43243243243	Q = -3	0.0024629951459219763	0.00016386105379290032	1824.3243243243242
182432.43243243243	Q = -4	0.0044444444444444444	0.0	1824.3243243243242
182432.43243243243	Q = 0	0.8605525525525526	0.004539892580078598	1824.3243243243242
185810.8108108108	Q = +1	0.43385269970635826	0.0029767314527590957	1858.108108108108
185810.8108108108	Q = +2	0.10004804804804801	0.00564758909889846	1858.108108108108
185810.8108108108	Q = +3	0.012195121951219513	0.0014785812159535318	1858.108108108108
185810.8108108108	Q = +4	0.00616816816816818	0.0007062301489497257	1858.108108108108
185810.8108108108	Q = -1	0.553011326182058	0.0021412430890033144	1858.108108108108
185810.8108108108	Q = -2	0.02683483483483485	0.0038278864634206182	1858.108108108108
185810.8108108108	Q = -3	0.002463423195130509	0.00018458717402612646	1858.108108108108
185810.8108108108	Q = -4	0.0044444444444444444	0.0	1858.108108108108
185810.8108108108	Q = 0	0.8691411411411412	0.005558394066044759	1858.108108108108
189189.18918918917	Q = +1	0.440660394318931	0.0023245840383228794	1891.8918918918916
189189.18918918917	Q = +2	0.10383183183183187	0.005059838171590447	1891.8918918918916
189189.18918918917	Q = +3	0.008623479355186633	0.0009826893240561106	1891.8918918918916
189189.18918918917	Q = +4	0.005968768768768748	0.0006171167842618555	1891.8918918918916
189189.18918918917	Q = -1	0.549787259543357	0.0031045631210582674	1891.8918918918916
189189.18918918917	Q = -2	0.027447447447447416	0.002530343627871781	1891.8918918918916
189189.18918918917	Q = -3	0.0024938146889366365	0.00026256181625256524	1891.8918918918916
189189.18918918917	Q = -4	0.0044444444444444444	0.0	1891.8918918918916
189189.18918918917	Q = 0	0.8658258258258259	0.005013518285179245	1891.8918918918916
192567.56756756757	Q = +1	0.43242643974351286	0.0027687181218264537	1925.6756756756758
192567.56756756757	Q = +2	0.10391591591591584	0.002824367207569937	1925.6756756756758
192567.56756756757	Q = +3	0.00905495295739199	0.000958973791213801	1925.6756756756758
192567.56756756757	Q = +4	0.00749549549549549	0.0008046354634365915	1925.6756756756758
192567.56756756757	Q = -1	0.5580751483190507	0.0023185881312412903	1925.6756756756758
192567.56756756757	Q = -2	0.022486486486486473	0.0020909796794430285	1925.6756756756758
192567.56756756757	Q = -3	0.002217294900221729	0.0	1925.6756756756758
192567.56756756757	Q = -4	0.0044444444444444444	0.0	1925.6756756756758
192567.56756756757	Q = 0	0.8668588588588589	0.0029715105451546264	1925.6756756756758
195945.94594594595	Q = +1	0.4416731587463295	0.0037530248013311284	1959.4594594594594
195945.94594594595	Q = +2	0.1053093093093093	0.004983531110475364	1959.4594594594594
195945.94594594595	Q = +3	0.008275903397854615	0.0010242824324642548	1959.4594594594594
195945.94594594595	Q = +4	0.007659659659659661	0.0012789685500473168	1959.4594594594594
195945.94594594595	Q = -1	0.5496194642536105	0.003901545274375822	1959.4594594594594
195945.94594594595	Q = -2	0.0264984984984985	0.0031124377665155047	1959.4594594594594
195945.94594594595	Q = -3	0.002217294900221729	0.0	1959.4594594594594
195945.94594594595	Q = -4	0.0044444444444444444	0.0	1959.4594594594594
195945.94594594595	Q = 0	0.8644924924924926	0.004706823793840424	1959.4594594594594
199324.32432432432	Q = +1	0.4364655120752682	0.0036033849058990843	1993.2432432432431
199324.32432432432	Q = +2	0.10838438438438436	0.007319907411161139	1993.2432432432431
199324.32432432432	Q = +3	0.0076286929945466615	0.0009559982447950255	1993.2432432432431
199324.32432432432	Q = +4	0.007699699699699698	0.0010741930121556818	1993.2432432432431
199324.32432432432	Q = -1	0.5557559777071971	0.003180236315604618	1993.2432432432431
199324.32432432432	Q = -2	0.02606606606606606	0.00302957876885316	1993.2432432432431
199324.32432432432	Q = -3	0.002217294900221729	0.0	1993.2432432432431
199324.32432432432	Q = -4	0.0044444444444444444	0.0	1993.2432432432431
199324.32432432432	Q = 0	0.8597957957957959	0.007928591189735408	1993.2432432432431
202702.7027027027	Q = +1	0.43168334631749267	0.0032239979485359305	2027.0270270270269
202702.7027027027	Q = +2	0.10793993993994	0.0049115013558270176	2027.0270270270269
202702.7027027027	Q = +3	0.00922874093605799	0.0012783778774635335	2027.0270270270269
202702.7027027027	Q = +4	0.008396396396396383	0.000928991249697656	2027.0270270270269
202702.7027027027	Q = -1	0.5588661832564271	0.003082658441244825	2027.0270270270269
202702.7027027027	Q = -2	0.024852852852852825	0.002635623279916378	2027.0270270270269
202702.7027027027	Q = -3	0.002217294900221729	0.0	2027.0270270270269
202702.7027027027	Q = -4	0.0044444444444444444	0.0	2027.0270270270269
202702.7027027027	Q = 0	0.859867867867868	0.0044290945055846945	2027.0270270270269
206081.08108108107	Q = +1	0.43265416192245454	0.005053558366664501	2060.810810810811
206081.08108108107	Q = +2	0.11131531531531544	0.005482943669224498	2060.810810810811
206081.08108108107	Q = +3	0.006520045544435771	0.0008641301346498633	2060.810810810811
206081.08108108107	Q = +4	0.009873873873873899	0.0016966586050805937	2060.810810810811
206081.08108108107	Q = -1	0.5608437705998683	0.004729846126256117	2060.810810810811
206081.08108108107	Q = -2	0.024180180180180144	0.002663734195494855	2060.810810810811
206081.08108108107	Q = -3	0.002217294900221729	0.0	2060.810810810811
206081.08108108107	Q = -4	0.0044444444444444444	0.0	2060.810810810811
206081.08108108107	Q = 0	0.8564324324324323	0.005578392403295866	2060.810810810811
209459.45945945947	Q = +1	0.429502007550788	0.005358143484135561	2094.5945945945946
209459.45945945947	Q = +2	0.1094294294294296	0.005978958114280818	2094.5945945945946
209459.45945945947	Q = +3	0.008012225085395832	0.0008670919045428996	2094.5945945945946
209459.45945945947	Q = +4	0.009696696696696679	0.0012113059303295837	2094.5945945945946
209459.45945945947	Q = -1	0.5623838916521844	0.0051282094768169625	2094.5945945945946
209459.45945945947	Q = -2	0.02363963963963971	0.0025929628205822244	2094.5945945945946
209459.45945945947	Q = -3	0.002217294900221729	0.0	2094.5945945945946
209459.45945945947	Q = -4	0.0044444444444444444	0.0	2094.5945945945946
209459.45945945947	Q = 0	0.8578978978978977	0.007792001659678927	2094.5945945945946
212837.83783783784	Q = +1	0.42883082639180203	0.006078669464651394	2128.3783783783783
212837.83783783784	Q = +2	0.10899699699699701	0.0067369006430790706	2128.3783783783783
212837.83783783784	Q = +3	0.00883322346736981	0.0013105657336231976	2128.3783783783783
212837.83783783784	Q = +4	0.008288288288288294	0.0008205277926134169	2128.3783783783783
212837.83783783784	Q = -1	0.5621501767843232	0.00514135767797624	2128.3783783783783
212837.83783783784	Q = -2	0.023915915915915912	0.002411424500430071	2128.3783783783783
212837.83783783784	Q = -3	0.002217294900221729	0.0	2128.3783783783783
212837.83783783784	Q = -4	0.0044444444444444444	0.0	2128.3783783783783
212837.83783783784	Q = 0	0.8601921921921922	0.006082382572655441	2128.3783783783783
216216.2162162162	Q = +1	0.43834122370707734	0.004213458400265098	2162.162162162162
216216.2162162162	Q = +2	0.10726726726726728	0.0035774829097502524	2162.162162162162
216216.2162162162	Q = +3	0.007203212081260867	0.001108955140087535	2162.162162162162
216216.2162162162	Q = +4	0.007367367367367368	0.0011524299812259336	2162.162162162162
216216.2162162162	Q = -1	0.5544076227003056	0.003926958847917754	2162.162162162162
216216.2162162162	Q = -2	0.02795195195195198	0.0033113403607897235	2162.162162162162
216216.2162162162	Q = -3	0.002217294900221729	0.0	2162.162162162162
216216.2162162162	Q = -4	0.0044444444444444444	0.0	2162.162162162162
216216.2162162162	Q = 0	0.8587507507507507	0.0027728096324924375	2162.162162162162
219594.5945945946	Q = +1	0.4356505063822137	0.002596602135221066	2195.945945945946
219594.5945945946	Q = +2	0.10732732732732742	0.004500231540237408	2195.945945945946
219594.5945945946	Q = +3	0.006741775034457963	0.0009021048350965263	2195.945945945946
219594.5945945946	Q = +4	0.010389389389389386	0.0010621710774160265	2195.945945945946
219594.5945945946	Q = -1	0.557475879427099	0.0032635582062600205	2195.945945945946
219594.5945945946	Q = -2	0.023303303303303328	0.0025216325868721357	2195.945945945946
219594.5945945946	Q = -3	0.002217294900221729	0.0	2195.945945945946
219594.5945945946	Q = -4	0.0044444444444444444	0.0	2195.945945945946
219594.5945945946	Q = 0	0.862174174174174	0.005610728389956041	2195.945945945946
222972.97297297296	Q = +1	0.43546473302570865	0.002543725271311037	2229.7297297297296
222972.97297297296	Q = +2	0.10994594594594602	0.005154478317424791	2229.7297297297296
222972.97297297296	Q = +3	0.006837658057170233	0.0010461758123871956	2229.7297297297296
222972.97297297296	Q = +4	0.00864264264264263	0.0008324308916887206	2229.7297297297296
222972.97297297296	Q = -1	0.557487864804938	0.0026945458586816215	2229.7297297297296
222972.97297297296	Q = -2	0.02663063063063061	0.003313615111954768	2229.7297297297296
222972.97297297296	Q = -3	0.002217294900221729	0.0	2229.7297297297296
222972.97297297296	Q = -4	0.0044444444444444444	0.0	2229.7297297297296
222972.97297297296	Q = 0	0.8567447447447447	0.005040982205054982	2229.7297297297296
226351.35135135136	Q = +1	0.43877269730928264	0.005027281462094687	2263.5135135135138
226351.35135135136	Q = +2	0.10554954954954951	0.008053724361418312	2263.5135135135138
226351.35135135136	Q = +3	0.006945526457721579	0.0006944196632541939	2263.5135135135138
226351.35135135136	Q = +4	0.007243243243243236	0.0011787083257876905	2263.5135135135138
226351.35135135136	Q = -1	0.5546413375681668	0.005316610953362069	2263.5135135135138
226351.35135135136	Q = -2	0.02642642642642646	0.0030624741823380114	2263.5135135135138
226351.35135135136	Q = -3	0.002217294900221729	0.0	2263.5135135135138
226351.35135135136	Q = -4	0.0044444444444444444	0.0	2263.5135135135138
226351.35135135136	Q = 0	0.8627987987987987	0.006248781600897843	2263.5135135135138
229729.72972972973	Q = +1	0.4349313837118715	0.00551697854716729	2297.2972972972975
229729.72972972973	Q = +2	0.10768768768768763	0.006105318382376791	2297.2972972972975
229729.72972972973	Q = +3	0.006550008989033377	0.0008256027089855742	2297.2972972972975
229729.72972972973	Q = +4	0.010893693693693694	0.001739630259729836	2297.2972972972975
229729.72972972973	Q = -1	0.5584167315874633	0.004771584239293322	2297.2972972972975
229729.72972972973	Q = -2	0.022702702702702696	0.0018447120431334758	2297.2972972972975
229729.72972972973	Q = -3	0.002217294900221729	0.0	2297.2972972972975
229729.72972972973	Q = -4	0.0044444444444444444	0.0	2297.2972972972975
229729.72972972973	Q = 0	0.8616576576576577	0.0075619100619543555	2297.2972972972975
233108.1081081081	Q = +1	0.4346497273326541	0.0030108383462781147	2331.0810810810813
233108.1081081081	Q = +2	0.11604804804804805	0.0034068145185705066	2331.0810810810813
233108.1081081081	Q = +3	0.006058608497632886	0.0007508525413127892	2331.0810810810813
233108.1081081081	Q = +4	0.007396196196196197	0.001214464688948837	2331.0810810810813
233108.1081081081	Q = -1	0.559093905435369	0.0028291331429721777	2331.0810810810813
233108.1081081081	Q = -2	0.02383183183183183	0.002756441972311607	2331.0810810810813
233108.1081081081	Q = -3	0.002217294900221729	0.0	2331.0810810810813
233108.1081081081	Q = -4	0.0044444444444444444	0.0	2331.0810810810813
233108.1081081081	Q = 0	0.8556516516516517	0.0037640214594549036	2331.0810810810813
236486.48648648648	Q = +1	0.4400071912267035	0.0028003410627165026	2364.864864864865
236486.48648648648	Q = +2	0.10796396396396393	0.004382027056064232	2364.864864864865
236486.48648648648	Q = +3	0.006442140588482059	0.0009437824455357657	2364.864864864865
236486.48648648648	Q = +4	0.008510510510510489	0.0013426867887999009	2364.864864864865
236486.48648648648	Q = -1	0.5535506681848144	0.002912669442853735	2364.864864864865
236486.48648648648	Q = -2	0.03186786786786792	0.004395770954196919	2364.864864864865
236486.48648648648	Q = -3	0.002217294900221729	0.0	2364.864864864865
236486.48648648648	Q = -4	0.0044444444444444444	0.0	2364.864864864865
236486.48648648648	Q = 0	0.8528888888888888	0.005410594772948596	2364.864864864865
239864.86486486485	Q = +1	0.4364115778749925	0.0032946009045444285	2398.6486486486483
239864.86486486485	Q = +2	0.11407807807807813	0.006972465700209788	2398.6486486486483
239864.86486486485	Q = +3	0.007538802660753879	0.0012059325886396282	2398.6486486486483
239864.86486486485	Q = +4	0.007360960960960968	0.001232651735557137	2398.6486486486483
239864.86486486485	Q = -1	0.5558578534188291	0.00376877406246603	2398.6486486486483
239864.86486486485	Q = -2	0.030738738738738624	0.0035822949126006857	2398.6486486486483
239864.86486486485	Q = -3	0.002217294900221729	0.0	2398.6486486486483
239864.86486486485	Q = -4	0.0044444444444444444	0.0	2398.6486486486483
239864.86486486485	Q = 0	0.8497897897897898	0.00534567525309747	2398.6486486486483
243243.24324324325	Q = +1	0.44164918799065134	0.003008992966029478	2432.4324324324325
243243.24324324325	Q = +2	0.10342342342342348	0.006486066299617197	2432.4324324324325
243243.24324324325	Q = +3	0.007739557739557729	0.0012163670083548382	2432.4324324324325
243243.24324324325	Q = +4	0.007717717717717726	0.0014985155495207336	2432.4324324324325
243243.24324324325	Q = -1	0.5503565649907113	0.0033242568919213066	2432.4324324324325
243243.24324324325	Q = -2	0.03003003003002998	0.0031709588305163816	2432.4324324324325
243243.24324324325	Q = -3	0.002217294900221729	0.0	2432.4324324324325
243243.24324324325	Q = -4	0.0044444444444444444	0.0	2432.4324324324325
243243.24324324325	Q = 0	0.8603363363363364	0.0067232711940484755	2432.4324324324325
246621.62162162163	Q = +1	0.4406723796967699	0.004496835484050038	2466.2162162162163
246621.62162162163	Q = +2	0.1077717717717718	0.00421953636906387	2466.2162162162163
246621.62162162163	Q = +3	0.005567208006232402	0.0007573609265482864	2466.2162162162163
246621.62162162163	Q = +4	0.009029029029029027	0.0013320260805749478	2466.2162162162163
246621.62162162163	Q = -1	0.5540900101875712	0.004225858043333126	2466.2162162162163
246621.62162162163	Q = -2	0.026558558558558553	0.003626639750408453	2466.2162162162163
246621.62162162163	Q = -3	0.002217294900221729	0.0	2466.2162162162163
246621.62162162163	Q = -4	0.0044444444444444444	0.0	2466.2162162162163
246621.62162162163	Q = 0	0.858114114114114	0.00505963538414884	2466.2162162162163
250000.0	Q = +1	0.435920177383592	0.005698251372474913	2500.0
250000.0	Q = +2	0.11644444444444443	0.007281899690337485	2500.0
250000.0	Q = +3	0.006651884700665188	0.0012367480067022553	2500.0
250000.0	Q = +4	0.006666666666666666	0.0007407407407407406	2500.0
250000.0	Q = -1	0.557649667405765	0.005015532173635935	2500.0
250000.0	Q = -2	0.021777777777777778	0.0021417529325631047	2500.0
250000.0	Q = -3	0.002217294900221729	0.0	2500.0
250000.0	Q = -4	0.0044444444444444444	0.0	2500.0
250000.0	Q = 0	0.8564444444444443	0.005777777777777781	2500.0
