frame	Chi	count	err	time(s)	field(mT)
0	-1.0	0.031842105263157894	0.002033205606464655	0.0	0.0
0	-0.6	0.16294736842105265	0.0038231068030106035	0.0	0.0
0	-0.2	0.33392105263157895	0.0052330570498895735	0.0	0.0
0	0.2	0.32673684210526316	0.00559597547252139	0.0	0.0
0	0.6	0.1650263157894737	0.0035267185591678794	0.0	0.0
0	1.0	0.03215789473684211	0.0017815741479610483	0.0	0.0
5000	-1.0	0.03178947368421053	0.0020716980570579875	50.0	0.625
5000	-0.6	0.16292105263157897	0.003762864943191539	50.0	0.625
5000	-0.2	0.3342894736842105	0.005258060098316912	50.0	0.625
5000	0.2	0.3262894736842106	0.005316917971057134	50.0	0.625
5000	0.6	0.16513157894736843	0.0033743088479353837	50.0	0.625
5000	1.0	0.032210526315789474	0.0017837147491378896	50.0	0.625
10000	-1.0	0.031947368421052634	0.00211169800680204	100.0	1.25
10000	-0.6	0.16310526315789473	0.0036872398164427347	100.0	1.25
10000	-0.2	0.33431578947368423	0.005225320489813761	100.0	1.25
10000	0.2	0.32526315789473687	0.005317921321731426	100.0	1.25
10000	0.6	0.1658421052631579	0.003482225933277865	100.0	1.25
10000	1.0	0.03215789473684211	0.0018324127390899417	100.0	1.25
15000	-1.0	0.031947368421052634	0.0020245678568688525	150.0	1.875
15000	-0.6	0.16331578947368422	0.0037411587600177923	150.0	1.875
15000	-0.2	0.33392105263157895	0.005064936736854743	150.0	1.875
15000	0.2	0.32542105263157894	0.0052540468938245865	150.0	1.875
15000	0.6	0.16571052631578947	0.0035310439309097835	150.0	1.875
15000	1.0	0.03231578947368421	0.0018893736004777211	150.0	1.875
20000	-1.0	0.031947368421052634	0.0021300235669414916	200.0	2.5
20000	-0.6	0.1631578947368421	0.003949158205058018	200.0	2.5
20000	-0.2	0.33431578947368423	0.004943173027459142	200.0	2.5
20000	0.2	0.3249473684210526	0.0052865751873804444	200.0	2.5
20000	0.6	0.16599999999999998	0.0035429812838074204	200.0	2.5
20000	1.0	0.03226315789473684	0.0018969881600503892	200.0	2.5
25000	-1.0	0.03226315789473684	0.002177921789391846	250.0	3.125
25000	-0.6	0.16347368421052633	0.00415456909245021	250.0	3.125
25000	-0.2	0.33302631578947367	0.004907599202650635	250.0	3.125
25000	0.2	0.3253157894736842	0.005090175586431833	250.0	3.125
25000	0.6	0.1660263157894737	0.003840009801865304	250.0	3.125
25000	1.0	0.03252631578947368	0.0018341087754772504	250.0	3.125
30000	-1.0	0.032210526315789474	0.00217954349789917	300.0	3.75
30000	-0.6	0.16442105263157894	0.004297865638596746	300.0	3.75
30000	-0.2	0.33234210526315794	0.0053800722852122874	300.0	3.75
30000	0.2	0.32436842105263153	0.0055400065695809485	300.0	3.75
30000	0.6	0.16647368421052633	0.0037142400532945703	300.0	3.75
30000	1.0	0.03281578947368421	0.001746017006169471	300.0	3.75
35000	-1.0	0.032710526315789475	0.0022525197729664275	350.0	4.375
35000	-0.6	0.16565789473684212	0.004506772499312901	350.0	4.375
35000	-0.2	0.3293947368421053	0.005330934440099186	350.0	4.375
35000	0.2	0.32523684210526316	0.005636396596177902	350.0	4.375
35000	0.6	0.1661578947368421	0.003654591697732139	350.0	4.375
35000	1.0	0.033473684210526315	0.0016561846498957431	350.0	4.375
40000	-1.0	0.033078947368421055	0.0022743739505585877	400.0	5.0
40000	-0.6	0.16557894736842108	0.00458766778293556	400.0	5.0
40000	-0.2	0.3295263157894737	0.005550787207493455	400.0	5.0
40000	0.2	0.32423684210526316	0.0059602118387294244	400.0	5.0
40000	0.6	0.16626315789473683	0.003575146462129485	400.0	5.0
40000	1.0	0.03394736842105263	0.0017752960831755777	400.0	5.0
45000	-1.0	0.033999999999999996	0.0023057712215220324	450.0	5.625
45000	-0.6	0.16555263157894737	0.0046048334923086635	450.0	5.625
45000	-0.2	0.32860526315789473	0.005803864791221723	450.0	5.625
45000	0.2	0.3228421052631579	0.006204579431725076	450.0	5.625
45000	0.6	0.16707894736842105	0.003747622533896153	450.0	5.625
45000	1.0	0.03455263157894737	0.0018123459307281971	450.0	5.625
50000	-1.0	0.03507894736842106	0.0024732299557776033	500.0	6.25
50000	-0.6	0.16636842105263158	0.004687323215427557	500.0	6.25
50000	-0.2	0.32710526315789473	0.00570202979312278	500.0	6.25
50000	0.2	0.32021052631578945	0.006062873695451766	500.0	6.25
50000	0.6	0.1683421052631579	0.003648176164427947	500.0	6.25
50000	1.0	0.035526315789473684	0.001763314195422342	500.0	6.25
55000	-1.0	0.03607894736842105	0.002338832360000579	550.0	6.875
55000	-0.6	0.16728947368421054	0.0043882101306601294	550.0	6.875
55000	-0.2	0.3251578947368421	0.005840174442158361	550.0	6.875
55000	0.2	0.31855263157894737	0.006046820401841745	550.0	6.875
55000	0.6	0.1686315789473684	0.0034305000511497506	550.0	6.875
55000	1.0	0.03692105263157895	0.0017379036888521555	550.0	6.875
60000	-1.0	0.037815789473684205	0.0023684359708325965	600.0	7.5
60000	-0.6	0.16871052631578948	0.004031759902045169	600.0	7.5
60000	-0.2	0.32326315789473686	0.005748586211245262	600.0	7.5
60000	0.2	0.3132105263157895	0.005751977983336422	600.0	7.5
60000	0.6	0.17102631578947367	0.0038046988720132763	600.0	7.5
60000	1.0	0.03860526315789473	0.0020203225778193173	600.0	7.5
65000	-1.0	0.039815789473684214	0.0022647216888866313	650.0	8.125
65000	-0.6	0.1711578947368421	0.004302696862895178	650.0	8.125
65000	-0.2	0.3183684210526316	0.006347686194046643	650.0	8.125
65000	0.2	0.3096052631578947	0.006192318199259071	650.0	8.125
65000	0.6	0.17284210526315788	0.0034962001776303216	650.0	8.125
65000	1.0	0.040842105263157895	0.0021065382819377538	650.0	8.125
70000	-1.0	0.04289473684210526	0.002212941752294953	700.0	8.75
70000	-0.6	0.17205263157894735	0.004004738840275568	700.0	8.75
70000	-0.2	0.31365789473684214	0.006090277777553957	700.0	8.75
70000	0.2	0.306078947368421	0.006585866393882003	700.0	8.75
70000	0.6	0.17510526315789474	0.0039220815553236196	700.0	8.75
70000	1.0	0.0428421052631579	0.0021696647909278067	700.0	8.75
75000	-1.0	0.04660526315789473	0.0023925994640034355	750.0	9.375
75000	-0.6	0.17400000000000002	0.004025857685444696	750.0	9.375
75000	-0.2	0.3077368421052632	0.00552749207470037	750.0	9.375
75000	0.2	0.3006578947368421	0.006363968803469997	750.0	9.375
75000	0.6	0.1774736842105263	0.004025050172110839	750.0	9.375
75000	1.0	0.046157894736842106	0.0021213803042799666	750.0	9.375
80000	-1.0	0.051000000000000004	0.0024371806711977985	800.0	10.0
80000	-0.6	0.1750263157894737	0.0035231100262243867	800.0	10.0
80000	-0.2	0.30144736842105263	0.005070486544209919	800.0	10.0
80000	0.2	0.295921052631579	0.005621683638051717	800.0	10.0
80000	0.6	0.1788684210526316	0.0037399969285107633	800.0	10.0
80000	1.0	0.05031578947368421	0.0021375081636960235	800.0	10.0
85000	-1.0	0.05436842105263158	0.0022688211309926823	850.0	10.625
85000	-0.6	0.17905263157894735	0.0035692910104947293	850.0	10.625
85000	-0.2	0.2933157894736842	0.004830380892768584	850.0	10.625
85000	0.2	0.29176315789473684	0.0056100819919057115	850.0	10.625
85000	0.6	0.1787105263157895	0.003639721021005152	850.0	10.625
85000	1.0	0.05542105263157895	0.0023260319339241	850.0	10.625
90000	-1.0	0.0603421052631579	0.002635617202326289	900.0	11.25
90000	-0.6	0.17942105263157893	0.003920207306568633	900.0	11.25
90000	-0.2	0.2877894736842105	0.004544862459446277	900.0	11.25
90000	0.2	0.28357894736842104	0.005949026887760787	900.0	11.25
90000	0.6	0.18036842105263157	0.0033885091795410253	900.0	11.25
90000	1.0	0.061131578947368426	0.0022481234440594614	900.0	11.25
95000	-1.0	0.06502631578947368	0.0029036212650588025	950.0	11.875
95000	-0.6	0.1811578947368421	0.003983401595313489	950.0	11.875
95000	-0.2	0.2798684210526316	0.004543470663636025	950.0	11.875
95000	0.2	0.28055263157894733	0.005798066321456521	950.0	11.875
95000	0.6	0.17960526315789474	0.003098084239329636	950.0	11.875
95000	1.0	0.06642105263157895	0.002469841840654427	950.0	11.875
100000	-1.0	0.07197368421052631	0.002962837741908524	1000.0	12.5
100000	-0.6	0.18005263157894738	0.003623833955440653	1000.0	12.5
100000	-0.2	0.27371052631578946	0.005023750758444016	1000.0	12.5
100000	0.2	0.27365789473684216	0.005658169503482323	1000.0	12.5
100000	0.6	0.18171052631578946	0.003520862850294349	1000.0	12.5
100000	1.0	0.07152631578947369	0.00248484581073934	1000.0	12.5
105000	-1.0	0.07694736842105263	0.002974727248801142	1050.0	13.125
105000	-0.6	0.17900000000000002	0.004021818497425136	1050.0	13.125
105000	-0.2	0.26949999999999996	0.005248832545330944	1050.0	13.125
105000	0.2	0.2693947368421053	0.005269739440226462	1050.0	13.125
105000	0.6	0.18189473684210528	0.0037097854079707047	1050.0	13.125
105000	1.0	0.07589473684210525	0.0027245136685394387	1050.0	13.125
110000	-1.0	0.08092105263157895	0.0028073042392975623	1100.0	13.75
110000	-0.6	0.18084210526315792	0.004242594050088047	1100.0	13.75
110000	-0.2	0.26413157894736844	0.005522484734176348	1100.0	13.75
110000	0.2	0.2639736842105263	0.005714959645656648	1100.0	13.75
110000	0.6	0.18210526315789474	0.003731096473924661	1100.0	13.75
110000	1.0	0.08065789473684211	0.002654638496258847	1100.0	13.75
115000	-1.0	0.08652631578947369	0.0027453392014666826	1150.0	14.375
115000	-0.6	0.17715789473684213	0.004536084679622079	1150.0	14.375
115000	-0.2	0.26210526315789473	0.004856758754802605	1150.0	14.375
115000	0.2	0.26084210526315793	0.004716180022572721	1150.0	14.375
115000	0.6	0.18126315789473682	0.0032115474419864287	1150.0	14.375
115000	1.0	0.08468421052631579	0.0022662033315027016	1150.0	14.375
120000	-1.0	0.08839473684210526	0.0028103735420729006	1200.0	15.0
120000	-0.6	0.1812105263157895	0.0037007072738082856	1200.0	15.0
120000	-0.2	0.25513157894736843	0.0045983529558660105	1200.0	15.0
120000	0.2	0.2587894736842105	0.004598498945203942	1200.0	15.0
120000	0.6	0.18073684210526314	0.0037137834125060124	1200.0	15.0
120000	1.0	0.08831578947368422	0.002264456450577923	1200.0	15.0
125000	-1.0	0.09168421052631578	0.002893076371727014	1250.0	15.625
125000	-0.6	0.17963157894736842	0.0036596156188146134	1250.0	15.625
125000	-0.2	0.25463157894736843	0.004516945062320967	1250.0	15.625
125000	0.2	0.2550263157894737	0.005130366983488381	1250.0	15.625
125000	0.6	0.18013157894736842	0.004251819867551349	1250.0	15.625
125000	1.0	0.09152631578947369	0.002438050357801538	1250.0	15.625
130000	-1.0	0.09276315789473684	0.0027896282104616214	1300.0	16.25
130000	-0.6	0.183	0.0038603366571828327	1300.0	16.25
130000	-0.2	0.25076315789473685	0.004909643459893317	1300.0	16.25
130000	0.2	0.2506052631578947	0.004360100068816846	1300.0	16.25
130000	0.6	0.18144736842105263	0.004159405359923442	1300.0	16.25
130000	1.0	0.09405263157894736	0.0025583804730793342	1300.0	16.25
135000	-1.0	0.09413157894736841	0.0027743367547471624	1350.0	16.875
135000	-0.6	0.18447368421052632	0.003522618578984205	1350.0	16.875
135000	-0.2	0.24747368421052632	0.004434528844627262	1350.0	16.875
135000	0.2	0.24868421052631579	0.004621920160108761	1350.0	16.875
135000	0.6	0.18197368421052632	0.004299747832217246	1350.0	16.875
135000	1.0	0.09589473684210525	0.002628408401544461	1350.0	16.875
140000	-1.0	0.09639473684210527	0.0031540994916725955	1400.0	17.5
140000	-0.6	0.18278947368421053	0.004589577399078402	1400.0	17.5
140000	-0.2	0.24757894736842104	0.0037980717590644893	1400.0	17.5
140000	0.2	0.24618421052631578	0.004160254738196526	1400.0	17.5
140000	0.6	0.18144736842105263	0.0033805856641143744	1400.0	17.5
140000	1.0	0.09807894736842104	0.00239129957162334	1400.0	17.5
145000	-1.0	0.09760526315789474	0.0031111038482713694	1450.0	18.125
145000	-0.6	0.18302631578947368	0.004047468707683857	1450.0	18.125
145000	-0.2	0.24528947368421053	0.004638014582119091	1450.0	18.125
145000	0.2	0.2448421052631579	0.0038713043756737507	1450.0	18.125
145000	0.6	0.18423684210526317	0.0030127890852577597	1450.0	18.125
145000	1.0	0.09763157894736842	0.0023776523760664493	1450.0	18.125
150000	-1.0	0.09923684210526316	0.0029471022781480346	1500.0	18.75
150000	-0.6	0.18444736842105264	0.004207915745489378	1500.0	18.75
150000	-0.2	0.24063157894736842	0.004323831285787943	1500.0	18.75
150000	0.2	0.24547368421052632	0.0037839050862034517	1500.0	18.75
150000	0.6	0.18328947368421053	0.0043811511356416	1500.0	18.75
150000	1.0	0.0995	0.002739322287754716	1500.0	18.75
155000	-1.0	0.10136842105263158	0.002886375973694081	1550.0	19.375
155000	-0.6	0.18278947368421053	0.004226473559541729	1550.0	19.375
155000	-0.2	0.24173684210526317	0.00440430822235676	1550.0	19.375
155000	0.2	0.24257894736842103	0.004253905170288419	1550.0	19.375
155000	0.6	0.1820263157894737	0.0033924379596508053	1550.0	19.375
155000	1.0	0.10192105263157895	0.0020680279934723535	1550.0	19.375
160000	-1.0	0.10281578947368421	0.003139727999401652	1600.0	20.0
160000	-0.6	0.1843684210526316	0.004792046145241769	1600.0	20.0
160000	-0.2	0.2398684210526316	0.005041835550215452	1600.0	20.0
160000	0.2	0.23878947368421052	0.004120993575470609	1600.0	20.0
160000	0.6	0.18263157894736842	0.0036593838973555995	1600.0	20.0
160000	1.0	0.10410526315789474	0.0022877414833117594	1600.0	20.0
165000	-1.0	0.10463157894736842	0.002993671127760748	1650.0	20.625
165000	-0.6	0.1857105263157895	0.0047515956539260756	1650.0	20.625
165000	-0.2	0.23639473684210524	0.004991378456434525	1650.0	20.625
165000	0.2	0.23444736842105263	0.004427232459032534	1650.0	20.625
165000	0.6	0.18689473684210528	0.004349349488672643	1650.0	20.625
165000	1.0	0.10444736842105262	0.002725097185862419	1650.0	20.625
170000	-1.0	0.10607894736842106	0.0027457638807485904	1700.0	21.25
170000	-0.6	0.18542105263157896	0.004043617131328952	1700.0	21.25
170000	-0.2	0.23536842105263156	0.004530535339934071	1700.0	21.25
170000	0.2	0.2319736842105263	0.004637374620578633	1700.0	21.25
170000	0.6	0.1886842105263158	0.004688709988554996	1700.0	21.25
170000	1.0	0.10494736842105264	0.003125686085576802	1700.0	21.25
175000	-1.0	0.10557894736842105	0.0025725935012414773	1750.0	21.875
175000	-0.6	0.1886842105263158	0.004225771273642585	1750.0	21.875
175000	-0.2	0.23442105263157895	0.00451547423905789	1750.0	21.875
175000	0.2	0.22849999999999998	0.004115305201153075	1750.0	21.875
175000	0.6	0.1882105263157895	0.0031136808117057714	1750.0	21.875
175000	1.0	0.10713157894736842	0.0021117816645804185	1750.0	21.875
180000	-1.0	0.10663157894736842	0.0028295062271158048	1800.0	22.5
180000	-0.6	0.18757894736842104	0.003980491178633389	1800.0	22.5
180000	-0.2	0.23292105263157895	0.0049749854798401	1800.0	22.5
180000	0.2	0.23055263157894737	0.004049249149938124	1800.0	22.5
180000	0.6	0.18828947368421053	0.003625676253393326	1800.0	22.5
180000	1.0	0.10660526315789474	0.0023798655348189987	1800.0	22.5
185000	-1.0	0.10771052631578948	0.0029120296869206046	1850.0	23.125
185000	-0.6	0.18892105263157893	0.003661401312850912	1850.0	23.125
185000	-0.2	0.2288421052631579	0.004354934989145205	1850.0	23.125
185000	0.2	0.23060526315789473	0.004153080531547723	1850.0	23.125
185000	0.6	0.19010526315789472	0.003148975948193638	1850.0	23.125
185000	1.0	0.1063421052631579	0.0023472770232624398	1850.0	23.125
190000	-1.0	0.10821052631578947	0.002628300858392617	1900.0	23.75
190000	-0.6	0.19107894736842107	0.004089190561774539	1900.0	23.75
190000	-0.2	0.22715789473684211	0.004223061362603689	1900.0	23.75
190000	0.2	0.22610526315789475	0.004662533266606057	1900.0	23.75
190000	0.6	0.19344736842105265	0.0038609315400343364	1900.0	23.75
190000	1.0	0.10647368421052632	0.0024735585131580866	1900.0	23.75
195000	-1.0	0.10707894736842105	0.002355091383423364	1950.0	24.375
195000	-0.6	0.19223684210526315	0.0030855135764064055	1950.0	24.375
195000	-0.2	0.23010526315789473	0.004598652613184337	1950.0	24.375
195000	0.2	0.2211578947368421	0.004436122084758796	1950.0	24.375
195000	0.6	0.1951842105263158	0.00325096688479282	1950.0	24.375
195000	1.0	0.10681578947368421	0.0024776261527555228	1950.0	24.375
200000	-1.0	0.10831578947368421	0.002396067311384935	2000.0	25.0
200000	-0.6	0.19210526315789472	0.003401165031032647	2000.0	25.0
200000	-0.2	0.22815789473684212	0.00505286094180445	2000.0	25.0
200000	0.2	0.22173684210526318	0.004307128927953347	2000.0	25.0
200000	0.6	0.19471052631578947	0.0037343999674902886	2000.0	25.0
200000	1.0	0.1075	0.002085110987116523	2000.0	25.0
205000	-1.0	0.10763157894736843	0.002823305767747157	2050.0	25.0
205000	-0.6	0.1943157894736842	0.004168052419985581	2050.0	25.0
205000	-0.2	0.22692105263157894	0.0042526175542940674	2050.0	25.0
205000	0.2	0.22121052631578947	0.004940170049460566	2050.0	25.0
205000	0.6	0.1945	0.0038948257457847475	2050.0	25.0
205000	1.0	0.108	0.002585307486578393	2050.0	25.0
210000	-1.0	0.10710526315789473	0.0028057305499316217	2100.0	25.0
210000	-0.6	0.19381578947368422	0.003968124805531059	2100.0	25.0
210000	-0.2	0.227	0.004301382781423335	2100.0	25.0
210000	0.2	0.22352631578947368	0.004780234475598266	2100.0	25.0
210000	0.6	0.1946578947368421	0.004049353857456503	2100.0	25.0
210000	1.0	0.10636842105263157	0.002721814896337102	2100.0	25.0
215000	-1.0	0.10726315789473685	0.0026679018470891777	2150.0	25.0
215000	-0.6	0.19594736842105265	0.003193099504863889	2150.0	25.0
215000	-0.2	0.22471052631578947	0.004226013742679456	2150.0	25.0
215000	0.2	0.22042105263157896	0.005042529284848809	2150.0	25.0
215000	0.6	0.19902631578947366	0.004092230891105753	2150.0	25.0
215000	1.0	0.10515789473684212	0.00288377967255505	2150.0	25.0
220000	-1.0	0.10794736842105263	0.0025260248668868	2200.0	25.0
220000	-0.6	0.19589473684210526	0.0034297584015786256	2200.0	25.0
220000	-0.2	0.22328947368421054	0.004390818116895179	2200.0	25.0
220000	0.2	0.22086842105263157	0.004846570408893515	2200.0	25.0
220000	0.6	0.19889473684210526	0.004300659865465018	2200.0	25.0
220000	1.0	0.10557894736842105	0.0026749381769798444	2200.0	25.0
225000	-1.0	0.10831578947368421	0.002648228746824125	2250.0	25.0
225000	-0.6	0.1955263157894737	0.003805172458818093	2250.0	25.0
225000	-0.2	0.22402631578947368	0.004446440391546583	2250.0	25.0
225000	0.2	0.21971052631578947	0.004221161715672637	2250.0	25.0
225000	0.6	0.19905263157894737	0.0036719529096401137	2250.0	25.0
225000	1.0	0.10589473684210526	0.002737193235345388	2250.0	25.0
230000	-1.0	0.10705263157894737	0.0027622754460160308	2300.0	25.0
230000	-0.6	0.19857894736842105	0.003702425434193877	2300.0	25.0
230000	-0.2	0.22110526315789475	0.00489657865859244	2300.0	25.0
230000	0.2	0.22094736842105264	0.004959585664701768	2300.0	25.0
230000	0.6	0.1983421052631579	0.004149676101506434	2300.0	25.0
230000	1.0	0.10639473684210526	0.0028370509419772625	2300.0	25.0
235000	-1.0	0.10707894736842105	0.002794234734742366	2350.0	25.0
235000	-0.6	0.19707894736842105	0.003488642807635562	2350.0	25.0
235000	-0.2	0.2229736842105263	0.0056940989395954855	2350.0	25.0
235000	0.2	0.2195263157894737	0.0042792458771056426	2350.0	25.0
235000	0.6	0.2011842105263158	0.004079640286247115	2350.0	25.0
235000	1.0	0.10473684210526316	0.00305299268207558	2350.0	25.0
240000	-1.0	0.10847368421052632	0.002764065627585666	2400.0	25.0
240000	-0.6	0.19757894736842105	0.00483295497442693	2400.0	25.0
240000	-0.2	0.21971052631578947	0.005426109297313664	2400.0	25.0
240000	0.2	0.21921052631578947	0.004741166423323395	2400.0	25.0
240000	0.6	0.20289473684210527	0.0039723520148991125	2400.0	25.0
240000	1.0	0.1046578947368421	0.0021236608846914875	2400.0	25.0
245000	-1.0	0.10742105263157894	0.002824256721240954	2450.0	25.0
245000	-0.6	0.19984210526315788	0.003964909112223036	2450.0	25.0
245000	-0.2	0.2188684210526316	0.004644500637549464	2450.0	25.0
245000	0.2	0.22021052631578947	0.003965016046980451	2450.0	25.0
245000	0.6	0.1994736842105263	0.003698759060525969	2450.0	25.0
245000	1.0	0.10676315789473684	0.002506436397693358	2450.0	25.0
250000	-1.0	0.10755263157894737	0.002762339401049299	2500.0	25.0
250000	-0.6	0.20107894736842105	0.0031918267385082516	2500.0	25.0
250000	-0.2	0.2183421052631579	0.004688265361415095	2500.0	25.0
250000	0.2	0.21497368421052632	0.004331383435962604	2500.0	25.0
250000	0.6	0.2054736842105263	0.003280987980797455	2500.0	25.0
250000	1.0	0.10510526315789473	0.0022706891400345926	2500.0	25.0
