time	coordination	charge	err	sec	mT
0	3	-0.0067619047619047615	0.01199641499764867	0	0.0
0	4	0.012088888888888889	0.018618828827914293	0	0.0
10	3	-0.007142857142857143	0.012000184490684247	10	0.125
10	4	0.012088888888888889	0.018618828827914293	10	0.125
20	3	-0.007333333333333333	0.01198959199275026	20	0.25
20	4	0.012622222222222222	0.01862134362963282	20	0.25
30	3	-0.007333333333333333	0.011994130434229455	30	0.375
30	4	0.012977777777777777	0.01861792680249665	30	0.375
40	3	-0.008	0.01200620428498567	40	0.5
40	4	0.01368888888888889	0.01860599377100516	40	0.5
50	3	-0.008476190476190476	0.01200543319717394	50	0.625
50	4	0.014044444444444444	0.01860936749623359	50	0.625
60	3	-0.008476190476190476	0.012013741392244643	60	0.75
60	4	0.013866666666666666	0.0186051326513494	60	0.75
70	3	-0.007238095238095238	0.012007738218419583	70	0.875
70	4	0.0112	0.018604442896336736	70	0.875
80	3	-0.007333333333333333	0.012021325101561526	80	1.0
80	4	0.011377777777777778	0.01862565790416359	80	1.0
90	3	-0.008285714285714285	0.012016767456191482	90	1.125
90	4	0.014044444444444444	0.01862125310175876	90	1.125
100	3	-0.006857142857142857	0.01201454559736782	100	1.25
100	4	0.010844444444444445	0.01862823151021253	100	1.25
110	3	-0.006857142857142857	0.0120062379587989	110	1.375
110	4	0.012444444444444444	0.01862559726458594	110	1.375
120	3	-0.006952380952380952	0.012011522695571568	120	1.5
120	4	0.012622222222222222	0.018633221595922525	120	1.5
130	3	-0.006190476190476191	0.012011542545705448	130	1.625
130	4	0.010844444444444445	0.01861974574798434	130	1.625
140	3	-0.007904761904761904	0.012016779677390798	140	1.75
140	4	0.014933333333333333	0.018628828385184936	140	1.75
150	3	-0.007238095238095238	0.012016044819740886	150	1.875
150	4	0.013333333333333334	0.018616206683759746	150	1.875
160	3	-0.008285714285714285	0.01200317266118085	160	2.0
160	4	0.014577777777777778	0.01861357677404168	160	2.0
170	3	-0.008571428571428572	0.01199560377971179	170	2.125
170	4	0.016	0.018615170959195723	170	2.125
180	3	-0.006571428571428572	0.011990369556909006	180	2.25
180	4	0.0128	0.018601802563266302	180	2.25
190	3	-0.00819047619047619	0.011982754667293264	190	2.375
190	4	0.015644444444444443	0.018615197824619154	190	2.375
200	3	-0.009428571428571429	0.011984982059339986	200	2.5
200	4	0.018488888888888888	0.018623453935987605	200	2.5
210	3	-0.008761904761904762	0.011987276455725048	210	2.625
210	4	0.0176	0.0186175893711339	210	2.625
220	3	-0.010380952380952381	0.01197131364415598	220	2.75
220	4	0.020444444444444446	0.01864786563982788	220	2.75
230	3	-0.011714285714285714	0.011976557836115627	230	2.875
230	4	0.02311111111111111	0.018631479289479582	230	2.875
240	3	-0.010952380952380953	0.011961435154086696	240	3.0
240	4	0.022933333333333333	0.018639131361883336	240	3.0
250	3	-0.013428571428571429	0.011958281237000478	250	3.125
250	4	0.02737777777777778	0.018595304381047652	250	3.125
260	3	-0.014476190476190476	0.011933165130795557	260	3.25
260	4	0.02897777777777778	0.018614626171360154	260	3.25
270	3	-0.01380952380952381	0.011920273626564396	270	3.375
270	4	0.027911111111111112	0.01863852780742707	270	3.375
280	3	-0.013238095238095238	0.011906599564728252	280	3.5
280	4	0.026488888888888888	0.01862683784769367	280	3.5
290	3	-0.01380952380952381	0.011901996826138746	290	3.625
290	4	0.02808888888888889	0.018610501823762542	290	3.625
300	3	-0.01361904761904762	0.011886755157633822	300	3.75
300	4	0.027555555555555555	0.018616516069355327	300	3.75
310	3	-0.013714285714285714	0.011879880097454871	310	3.875
310	4	0.02737777777777778	0.018632661804722766	310	3.875
320	3	-0.012952380952380953	0.011863875764339542	320	4.0
320	4	0.025244444444444444	0.018617656299531302	320	4.0
330	3	-0.013333333333333334	0.011843960211895977	330	4.125
330	4	0.026133333333333335	0.018609905870724336	330	4.125
340	3	-0.012952380952380953	0.011827119614943598	340	4.25
340	4	0.026133333333333335	0.018574204454230494	340	4.25
350	3	-0.012952380952380953	0.011830953708531797	350	4.375
350	4	0.025777777777777778	0.018564035631475025	350	4.375
360	3	-0.013714285714285714	0.011803279450437274	360	4.5
360	4	0.026133333333333335	0.01851113442679073	360	4.5
370	3	-0.014	0.011780186123258398	370	4.625
370	4	0.027022222222222222	0.018544287519728052	370	4.625
380	3	-0.01361904761904762	0.011774816175811035	380	4.75
380	4	0.025777777777777778	0.01851459342117514	380	4.75
390	3	-0.014095238095238095	0.011758600978856115	390	4.875
390	4	0.026488888888888888	0.018497424429665794	390	4.875
400	3	-0.014857142857142857	0.011735391041630305	400	5.0
400	4	0.027733333333333332	0.018455349696996786	400	5.0
410	3	-0.014952380952380953	0.011712948627607198	410	5.125
410	4	0.027911111111111112	0.018409884366954832	410	5.125
420	3	-0.016	0.011703585943135142	420	5.25
420	4	0.028266666666666666	0.018408119166713238	420	5.25
430	3	-0.016476190476190478	0.01168493870711264	430	5.375
430	4	0.028444444444444446	0.018391775547551992	430	5.375
440	3	-0.017047619047619048	0.011663143642967484	440	5.5
440	4	0.02968888888888889	0.018375266786071397	440	5.5
450	3	-0.017142857142857144	0.011631986349387812	450	5.625
450	4	0.02808888888888889	0.01835742042796062	450	5.625
460	3	-0.015047619047619048	0.0116071439994148	460	5.75
460	4	0.024355555555555554	0.018312211211812958	460	5.75
470	3	-0.017619047619047618	0.011583503270998278	470	5.875
470	4	0.02897777777777778	0.018294343656001664	470	5.875
480	3	-0.018476190476190476	0.011554429492903247	480	6.0
480	4	0.029866666666666666	0.018260494456253475	480	6.0
490	3	-0.018666666666666668	0.011533199241783356	490	6.125
490	4	0.03128888888888889	0.018229098905507505	490	6.125
500	3	-0.01780952380952381	0.01151673578420845	500	6.25
500	4	0.02968888888888889	0.018179853642023104	500	6.25
510	3	-0.01742857142857143	0.011496267420510263	510	6.375
510	4	0.0288	0.018121643995361324	510	6.375
520	3	-0.01876190476190476	0.011438423868031518	520	6.5
520	4	0.032	0.01809149031749787	520	6.5
530	3	-0.018952380952380953	0.011421743648251265	530	6.625
530	4	0.032711111111111114	0.01802661803617954	530	6.625
540	3	-0.01961904761904762	0.011397044281802845	540	6.75
540	4	0.034133333333333335	0.01800884093038612	540	6.75
550	3	-0.02057142857142857	0.011357898765101581	550	6.875
550	4	0.036444444444444446	0.01797945482340892	550	6.875
560	3	-0.018	0.011317304161744568	560	7.0
560	4	0.032	0.017910634434636537	560	7.0
570	3	-0.018666666666666668	0.01127469344949591	570	7.125
570	4	0.032711111111111114	0.017866346792608734	570	7.125
580	3	-0.016761904761904763	0.011249868485992048	580	7.25
580	4	0.028266666666666666	0.017828945753578695	580	7.25
590	3	-0.015904761904761904	0.011204684420181773	590	7.375
590	4	0.025777777777777778	0.017752887030881175	590	7.375
600	3	-0.016095238095238096	0.011190090103772426	600	7.5
600	4	0.025244444444444444	0.017702140417196068	600	7.5
610	3	-0.01685714285714286	0.011128259992484705	610	7.625
610	4	0.0272	0.01761148136126231	610	7.625
620	3	-0.01876190476190476	0.011102000407292905	620	7.75
620	4	0.030044444444444443	0.017530119893712608	620	7.75
630	3	-0.018571428571428572	0.011055346617698896	630	7.875
630	4	0.030577777777777777	0.017478575103899604	630	7.875
640	3	-0.017523809523809525	0.011000318732276885	640	8.0
640	4	0.030222222222222223	0.017424294664140055	640	8.0
650	3	-0.020476190476190478	0.010958768036656583	650	8.125
650	4	0.03591111111111111	0.01732509632191043	650	8.125
660	3	-0.020285714285714285	0.010914827968804983	660	8.25
660	4	0.035022222222222225	0.017249380412040233	660	8.25
670	3	-0.02019047619047619	0.010867363540266272	670	8.375
670	4	0.03537777777777778	0.01714086302283596	670	8.375
680	3	-0.018	0.01082992191513595	680	8.5
680	4	0.03164444444444445	0.017022162880222715	680	8.5
690	3	-0.015333333333333332	0.010756160736542177	690	8.625
690	4	0.027733333333333332	0.016920337515354933	690	8.625
700	3	-0.016	0.01069607198176823	700	8.75
700	4	0.027911111111111112	0.01683697872770422	700	8.75
710	3	-0.014761904761904763	0.010635775776019922	710	8.875
710	4	0.02542222222222222	0.016718644582442464	710	8.875
720	3	-0.013428571428571429	0.010581137145592938	720	9.0
720	4	0.024533333333333334	0.016607796892790547	720	9.0
730	3	-0.014952380952380953	0.01052344650891199	730	9.125
730	4	0.028444444444444446	0.01651371971278148	730	9.125
740	3	-0.014857142857142857	0.010451665943129759	740	9.25
740	4	0.028266666666666666	0.01641102696322486	740	9.25
750	3	-0.014857142857142857	0.010401207462924725	750	9.375
750	4	0.0304	0.01629277554079864	750	9.375
760	3	-0.013238095238095238	0.010324283750426256	760	9.5
760	4	0.026844444444444445	0.01619409269523583	760	9.5
770	3	-0.015238095238095238	0.01024300293345741	770	9.625
770	4	0.02951111111111111	0.016073192766062797	770	9.625
780	3	-0.016285714285714285	0.010176292418901283	780	9.75
780	4	0.030755555555555557	0.015896008042977177	780	9.75
790	3	-0.015333333333333332	0.010115569316614456	790	9.875
790	4	0.029866666666666666	0.01579542590433736	790	9.875
800	3	-0.019714285714285715	0.010023322925952673	800	10.0
800	4	0.03804444444444444	0.0156854223033474	800	10.0
810	3	-0.016	0.009958269676150237	810	10.125
810	4	0.02951111111111111	0.015506693406796031	810	10.125
820	3	-0.018952380952380953	0.009861915034957336	820	10.25
820	4	0.036444444444444446	0.015408249497869609	820	10.25
830	3	-0.019142857142857142	0.00977041548317576	830	10.375
830	4	0.03822222222222222	0.015228348703552018	830	10.375
840	3	-0.020666666666666667	0.009715337572620058	840	10.5
840	4	0.03928888888888889	0.015103056797883842	840	10.5
850	3	-0.020095238095238097	0.009641354601293157	850	10.625
850	4	0.03822222222222222	0.01491376142635443	850	10.625
860	3	-0.021333333333333333	0.009583665648927327	860	10.75
860	4	0.039466666666666664	0.0147804166687963	860	10.75
870	3	-0.021523809523809525	0.009514301467964004	870	10.875
870	4	0.04017777777777778	0.014625462948225346	870	10.875
880	3	-0.018857142857142857	0.009454319057460409	880	11.0
880	4	0.035555555555555556	0.014454800627164975	880	11.0
890	3	-0.022857142857142857	0.009372956886384646	890	11.125
890	4	0.04017777777777778	0.014255551468704606	890	11.125
900	3	-0.02038095238095238	0.009280839473278986	900	11.25
900	4	0.036088888888888886	0.014094869504213264	900	11.25
910	3	-0.016761904761904763	0.0092253086573661	910	11.375
910	4	0.029155555555555556	0.0138964379772476	910	11.375
920	3	-0.01561904761904762	0.009142439501942065	920	11.5
920	4	0.026844444444444445	0.01380442922035978	920	11.5
930	3	-0.014095238095238095	0.009095807164619508	930	11.625
930	4	0.024533333333333334	0.01361925013645003	930	11.625
940	3	-0.015904761904761904	0.009034627505243694	940	11.75
940	4	0.026844444444444445	0.013482407507483505	940	11.75
950	3	-0.015523809523809523	0.008929633428080362	950	11.875
950	4	0.026844444444444445	0.013418960235949387	950	11.875
960	3	-0.013142857142857144	0.00888092414887854	960	12.0
960	4	0.023822222222222224	0.013204586470491768	960	12.0
970	3	-0.016666666666666666	0.008795457396414361	970	12.125
970	4	0.031822222222222224	0.013093709401926962	970	12.125
980	3	-0.013428571428571429	0.008768867303082073	980	12.25
980	4	0.025955555555555555	0.012881925428604135	980	12.25
990	3	-0.013714285714285714	0.00867420268423237	990	12.375
990	4	0.02542222222222222	0.012777315057738235	990	12.375
1000	3	-0.01361904761904762	0.00862702444464993	1000	12.5
1000	4	0.024533333333333334	0.012566702755882342	1000	12.5
1010	3	-0.015238095238095238	0.008551916899391799	1010	12.625
1010	4	0.026844444444444445	0.012380029226050974	1010	12.625
1020	3	-0.015904761904761904	0.008490117174981306	1020	12.75
1020	4	0.027911111111111112	0.012295276336075146	1020	12.75
1030	3	-0.020095238095238097	0.008441477372130534	1030	12.875
1030	4	0.036444444444444446	0.012197787816627463	1030	12.875
1040	3	-0.018571428571428572	0.00838017203020288	1040	13.0
1040	4	0.03537777777777778	0.012070429932123957	1040	13.0
1050	3	-0.017904761904761906	0.008317225317692304	1050	13.125
1050	4	0.032	0.011895868192383963	1050	13.125
1060	3	-0.01838095238095238	0.008260269884300116	1060	13.25
1060	4	0.033244444444444445	0.011776730135618054	1060	13.25
1070	3	-0.01904761904761905	0.008200684837871067	1070	13.375
1070	4	0.034666666666666665	0.01169016213556178	1070	13.375
1080	3	-0.02361904761904762	0.00816908701688151	1080	13.5
1080	4	0.043555555555555556	0.011559712442400645	1080	13.5
1090	3	-0.023714285714285716	0.00810441630936725	1090	13.625
1090	4	0.04551111111111111	0.011342356534538578	1090	13.625
1100	3	-0.018571428571428572	0.008075905033132557	1100	13.75
1100	4	0.03573333333333333	0.011262984212282588	1100	13.75
1110	3	-0.01380952380952381	0.008038082834619206	1110	13.875
1110	4	0.028266666666666666	0.011103783631016401	1110	13.875
1120	3	-0.01380952380952381	0.007995086017372153	1120	14.0
1120	4	0.028266666666666666	0.011032389747102309	1120	14.0
1130	3	-0.019809523809523808	0.007958094496501424	1130	14.125
1130	4	0.035022222222222225	0.01089515889138624	1130	14.125
1140	3	-0.015333333333333332	0.007934594420466394	1140	14.25
1140	4	0.02666666666666667	0.010793801859035557	1140	14.25
1150	3	-0.02038095238095238	0.007874379229061191	1150	14.375
1150	4	0.036977777777777776	0.010643638744254388	1150	14.375
1160	3	-0.018	0.007834235710107567	1160	14.5
1160	4	0.02951111111111111	0.010532283215257027	1160	14.5
1170	3	-0.018666666666666668	0.007786545157742599	1170	14.625
1170	4	0.033244444444444445	0.010562761240914625	1170	14.625
1180	3	-0.017047619047619048	0.007812307666937358	1180	14.75
1180	4	0.032355555555555554	0.01038039359626902	1180	14.75
1190	3	-0.017619047619047618	0.0077936477000274075	1190	14.875
1190	4	0.03342222222222222	0.01018955215983123	1190	14.875
1200	3	-0.018095238095238095	0.007757431890061483	1200	15.0
1200	4	0.03395555555555556	0.010072397809832368	1200	15.0
1210	3	-0.02085714285714286	0.007734852208063926	1210	15.125
1210	4	0.036977777777777776	0.00992126021375676	1210	15.125
1220	3	-0.02219047619047619	0.007699413079244105	1220	15.25
1220	4	0.03964444444444445	0.009874037452954528	1220	15.25
1230	3	-0.024476190476190478	0.007687292606853923	1230	15.375
1230	4	0.04462222222222222	0.009840079875267062	1230	15.375
1240	3	-0.026	0.007657497531266617	1240	15.5
1240	4	0.04817777777777778	0.009663550237563791	1240	15.5
1250	3	-0.025619047619047618	0.007663479115463356	1250	15.625
1250	4	0.0496	0.009607142011319812	1250	15.625
1260	3	-0.031619047619047616	0.007605377562446247	1260	15.75
1260	4	0.06062222222222222	0.009532137853260967	1260	15.75
1270	3	-0.032952380952380955	0.007584804756239137	1270	15.875
1270	4	0.06364444444444445	0.009398470820459191	1270	15.875
1280	3	-0.034	0.007573813433278183	1280	16.0
1280	4	0.06666666666666667	0.009303645386890614	1280	16.0
1290	3	-0.03438095238095238	0.007528083033629535	1290	16.125
1290	4	0.06613333333333334	0.009151558566157172	1290	16.125
1300	3	-0.0360952380952381	0.007532519269317082	1300	16.25
1300	4	0.0680888888888889	0.009103531262978101	1300	16.25
1310	3	-0.037333333333333336	0.007492386085258086	1310	16.375
1310	4	0.07075555555555556	0.009002206708756953	1310	16.375
1320	3	-0.037333333333333336	0.0074571943182795185	1320	16.5
1320	4	0.0704	0.008850193270283163	1320	16.5
1330	3	-0.035238095238095235	0.007443069977554106	1330	16.625
1330	4	0.06346666666666667	0.008867338045958082	1330	16.625
1340	3	-0.037047619047619045	0.0074536121963901004	1340	16.75
1340	4	0.06666666666666667	0.008790059136169039	1340	16.75
1350	3	-0.040285714285714286	0.007427209386418474	1350	16.875
1350	4	0.07093333333333333	0.008732967220173485	1350	16.875
1360	3	-0.040095238095238094	0.007412588680210242	1360	17.0
1360	4	0.07164444444444444	0.008721585684761187	1360	17.0
1370	3	-0.044476190476190475	0.00741384582990373	1370	17.125
1370	4	0.08177777777777778	0.008554412712903752	1370	17.125
1380	3	-0.046952380952380954	0.007400872532916719	1380	17.25
1380	4	0.08337777777777777	0.008390745611780187	1380	17.25
1390	3	-0.040952380952380955	0.007403794469339877	1390	17.375
1390	4	0.07448888888888888	0.008379336470625897	1390	17.375
1400	3	-0.051238095238095235	0.007357721454654503	1400	17.5
1400	4	0.09386666666666667	0.00846158834361183	1400	17.5
1410	3	-0.051333333333333335	0.007368776892172488	1410	17.625
1410	4	0.09777777777777778	0.008303012105920939	1410	17.625
1420	3	-0.05047619047619047	0.007367827842846532	1420	17.75
1420	4	0.09582222222222223	0.008397764321865094	1420	17.75
1430	3	-0.05380952380952381	0.007348211431623028	1430	17.875
1430	4	0.10044444444444445	0.008225589199553757	1430	17.875
1440	3	-0.056952380952380956	0.007328540921706038	1440	18.0
1440	4	0.10844444444444444	0.008295039416828668	1440	18.0
1450	3	-0.05409523809523809	0.007346876998322241	1450	18.125
1450	4	0.10382222222222222	0.008185257148213986	1450	18.125
1460	3	-0.056	0.007344962473481039	1460	18.25
1460	4	0.10684444444444445	0.00821457043035987	1460	18.25
1470	3	-0.06142857142857143	0.0073156684335938865	1470	18.375
1470	4	0.11982222222222222	0.008040984911420109	1470	18.375
1480	3	-0.06428571428571428	0.00731325908045577	1480	18.5
1480	4	0.12373333333333333	0.008031783250407536	1480	18.5
1490	3	-0.06066666666666667	0.007308528297800529	1490	18.625
1490	4	0.11448888888888889	0.007964986103804162	1490	18.625
1500	3	-0.06257142857142857	0.007305280582018483	1500	18.75
1500	4	0.11946666666666667	0.007902686845567478	1500	18.75
1510	3	-0.05885714285714286	0.007304267222670888	1510	18.875
1510	4	0.11253333333333333	0.007809190591224325	1510	18.875
1520	3	-0.06380952380952382	0.0072786470221859354	1520	19.0
1520	4	0.12248888888888888	0.007787748586772627	1520	19.0
1530	3	-0.06561904761904762	0.007292821594454049	1530	19.125
1530	4	0.12622222222222224	0.007674065078878001	1530	19.125
1540	3	-0.060476190476190475	0.007281248021984189	1540	19.25
1540	4	0.11644444444444445	0.0076403681633568634	1540	19.25
1550	3	-0.06619047619047619	0.007252663888096007	1550	19.375
1550	4	0.12764444444444445	0.0075179920776538055	1550	19.375
1560	3	-0.06838095238095238	0.007261695910994958	1560	19.5
1560	4	0.12977777777777777	0.0075021156464310625	1560	19.5
1570	3	-0.07	0.007232171509314119	1570	19.625
1570	4	0.1344	0.007503307225762972	1570	19.625
1580	3	-0.07133333333333333	0.007230296626998191	1580	19.75
1580	4	0.1390222222222222	0.007385368443584674	1580	19.75
1590	3	-0.0759047619047619	0.007236858858089639	1590	19.875
1590	4	0.1464888888888889	0.007415275475470139	1590	19.875
1600	3	-0.0720952380952381	0.007228682027550419	1600	20.0
1600	4	0.13937777777777777	0.007272638074477308	1600	20.0
1610	3	-0.07828571428571429	0.007224359508286375	1610	20.125
1610	4	0.15004444444444445	0.007152822423534325	1610	20.125
1620	3	-0.07266666666666667	0.007249710978860474	1620	20.25
1620	4	0.14062222222222223	0.007298711508991462	1620	20.25
1630	3	-0.07495238095238095	0.007233570604559889	1630	20.375
1630	4	0.1416888888888889	0.007130373847120538	1630	20.375
1640	3	-0.07580952380952381	0.007244422884675558	1640	20.5
1640	4	0.14453333333333335	0.007191528969318412	1640	20.5
1650	3	-0.07142857142857142	0.007245290834648664	1650	20.625
1650	4	0.13564444444444446	0.007109763900791982	1650	20.625
1660	3	-0.074	0.00724406176467655	1660	20.75
1660	4	0.14257777777777778	0.007032825567962041	1660	20.75
1670	3	-0.07257142857142856	0.0072535089677265956	1670	20.875
1670	4	0.1416888888888889	0.007072512266205102	1670	20.875
1680	3	-0.07114285714285715	0.0072266214316668315	1680	21.0
1680	4	0.13848888888888888	0.0070063317022122035	1680	21.0
1690	3	-0.07238095238095238	0.007237324662712204	1690	21.125
1690	4	0.14293333333333333	0.007081453350750446	1690	21.125
1700	3	-0.07647619047619048	0.007234065012638755	1700	21.25
1700	4	0.1472	0.007019853992467526	1700	21.25
1710	3	-0.0741904761904762	0.007220138436320045	1710	21.375
1710	4	0.14044444444444446	0.007108147267099141	1710	21.375
1720	3	-0.08161904761904762	0.007202480415305	1720	21.5
1720	4	0.1584	0.007169928719035804	1720	21.5
1730	3	-0.07552380952380952	0.0072031280721084594	1730	21.625
1730	4	0.14684444444444444	0.007105542806604416	1730	21.625
1740	3	-0.07809523809523809	0.007221946128776899	1740	21.75
1740	4	0.15217777777777777	0.007091103707870159	1740	21.75
1750	3	-0.07628571428571429	0.0072178420164030485	1750	21.875
1750	4	0.14897777777777776	0.007110489991740059	1750	21.875
1760	3	-0.08	0.007209638854957552	1760	22.0
1760	4	0.15555555555555556	0.00706000441729207	1760	22.0
1770	3	-0.08476190476190476	0.0071957109852027286	1770	22.125
1770	4	0.16373333333333334	0.007021073196584512	1770	22.125
1780	3	-0.08495238095238095	0.007155151335948641	1780	22.25
1780	4	0.16302222222222224	0.0070360337785793	1780	22.25
1790	3	-0.08371428571428571	0.007189989876452241	1790	22.375
1790	4	0.16035555555555556	0.007048209269119858	1790	22.375
1800	3	-0.08419047619047619	0.007173305234209387	1800	22.5
1800	4	0.16106666666666666	0.0070377911339286085	1800	22.5
1810	3	-0.08447619047619048	0.007164288025696577	1810	22.625
1810	4	0.16462222222222223	0.007102042597253628	1810	22.625
1820	3	-0.08295238095238096	0.007165135902805837	1820	22.75
1820	4	0.16284444444444446	0.00702066001555987	1820	22.75
1830	3	-0.08152380952380953	0.007167182385599531	1830	22.875
1830	4	0.15893333333333334	0.00701511923964832	1830	22.875
1840	3	-0.0881904761904762	0.007136781677289978	1840	23.0
1840	4	0.17084444444444444	0.0072890160896910555	1840	23.0
1850	3	-0.08923809523809524	0.007150129856426679	1850	23.125
1850	4	0.17137777777777777	0.0071411351436110595	1850	23.125
1860	3	-0.08914285714285715	0.007159061122824363	1860	23.25
1860	4	0.1720888888888889	0.007104109709044479	1860	23.25
1870	3	-0.09695238095238096	0.007116087673425166	1870	23.375
1870	4	0.18666666666666668	0.007195379835489995	1870	23.375
1880	3	-0.09314285714285714	0.00711341155854262	1880	23.5
1880	4	0.18222222222222223	0.007057019109254599	1880	23.5
1890	3	-0.09038095238095238	0.007127845158487765	1890	23.625
1890	4	0.17884444444444444	0.00713813653392096	1890	23.625
1900	3	-0.09066666666666667	0.007131489158198804	1900	23.75
1900	4	0.17831111111111111	0.007154801236649124	1900	23.75
1910	3	-0.0919047619047619	0.007129462237719901	1910	23.875
1910	4	0.18453333333333333	0.007270167514174587	1910	23.875
1920	3	-0.09009523809523809	0.007138190513447164	1920	24.0
1920	4	0.1720888888888889	0.0071705374410580835	1920	24.0
1930	3	-0.09380952380952381	0.007107891593754296	1930	24.125
1930	4	0.1831111111111111	0.0072078835243278285	1930	24.125
1940	3	-0.09457142857142857	0.007131618015255489	1940	24.25
1940	4	0.1831111111111111	0.007194716006430086	1940	24.25
1950	3	-0.08961904761904763	0.007116841606048855	1950	24.375
1950	4	0.17564444444444444	0.007127480098382712	1950	24.375
1960	3	-0.09247619047619048	0.007092116203319588	1960	24.5
1960	4	0.1806222222222222	0.007200306656912025	1960	24.5
1970	3	-0.09533333333333334	0.007076228000881681	1970	24.625
1970	4	0.18666666666666668	0.007247901553232945	1970	24.625
1980	3	-0.09390476190476191	0.007101448041690494	1980	24.75
1980	4	0.18684444444444445	0.007387873686863094	1980	24.75
1990	3	-0.098	0.007089862391342359	1990	24.875
1990	4	0.19182222222222223	0.007246837209074606	1990	24.875
2000	3	-0.10142857142857142	0.007072191313128703	2000	25.0
2000	4	0.19804444444444444	0.007462106232628481	2000	25.0
2010	3	-0.10219047619047619	0.007066536369732637	2010	25.0
2010	4	0.20213333333333333	0.00734340343616863	2010	25.0
2020	3	-0.10038095238095238	0.007075467542934068	2020	25.0
2020	4	0.19662222222222223	0.007380285740471227	2020	25.0
2030	3	-0.10038095238095238	0.007039480112520508	2030	25.0
2030	4	0.19715555555555556	0.0073123257438803425	2030	25.0
2040	3	-0.10571428571428572	0.007049928517520607	2040	25.0
2040	4	0.20977777777777779	0.007373779980602523	2040	25.0
2050	3	-0.10066666666666667	0.007084242772042157	2050	25.0
2050	4	0.19893333333333332	0.007372634727928793	2050	25.0
2060	3	-0.09733333333333333	0.00708390025441033	2060	25.0
2060	4	0.19306666666666666	0.007345722192910344	2060	25.0
2070	3	-0.1020952380952381	0.007061465638301097	2070	25.0
2070	4	0.20284444444444444	0.007388866192322499	2070	25.0
2080	3	-0.09895238095238096	0.007076425770653262	2080	25.0
2080	4	0.19413333333333332	0.00735612435067605	2080	25.0
2090	3	-0.08952380952380952	0.007082402677089565	2090	25.0
2090	4	0.17671111111111112	0.007120698389939239	2090	25.0
2100	3	-0.09457142857142857	0.007097193549032122	2100	25.0
2100	4	0.18666666666666668	0.0071953798354899845	2100	25.0
2110	3	-0.0978095238095238	0.007074618535403621	2110	25.0
2110	4	0.19164444444444445	0.007314543729926536	2110	25.0
2120	3	-0.0899047619047619	0.007087294152154379	2120	25.0
2120	4	0.17671111111111112	0.007222070476085546	2120	25.0
2130	3	-0.09142857142857143	0.007077399919753395	2130	25.0
2130	4	0.17902222222222222	0.007139954148666803	2130	25.0
2140	3	-0.09371428571428571	0.007091342221494835	2140	25.0
2140	4	0.1816888888888889	0.007371477481942008	2140	25.0
2150	3	-0.09380952380952381	0.007077197752346176	2150	25.0
2150	4	0.184	0.007269195326810353	2150	25.0
2160	3	-0.09285714285714286	0.0070829202911803675	2160	25.0
2160	4	0.18115555555555554	0.007227597401934141	2160	25.0
2170	3	-0.09361904761904762	0.007079880722587141	2170	25.0
2170	4	0.18204444444444445	0.007192728839019314	2170	25.0
2180	3	-0.09504761904761905	0.007072564506634551	2180	25.0
2180	4	0.1872	0.0071743498396258125	2180	25.0
2190	3	-0.09914285714285714	0.007073734651010012	2190	25.0
2190	4	0.19235555555555556	0.007217169411985209	2190	25.0
2200	3	-0.09838095238095237	0.007062691807650923	2200	25.0
2200	4	0.1895111111111111	0.0073324266976391135	2200	25.0
2210	3	-0.10476190476190476	0.007036439580800227	2210	25.0
2210	4	0.2049777777777778	0.007375064105812615	2210	25.0
2220	3	-0.09847619047619048	0.007076742099236939	2220	25.0
2220	4	0.19217777777777778	0.0074141699799702004	2220	25.0
2230	3	-0.10171428571428572	0.007051444017668412	2230	25.0
2230	4	0.1960888888888889	0.007357958375482186	2230	25.0
2240	3	-0.10542857142857143	0.007062986582555909	2240	25.0
2240	4	0.2	0.007455348723755545	2240	25.0
2250	3	-0.10457142857142857	0.007061024599533915	2250	25.0
2250	4	0.19928888888888888	0.007259445780203583	2250	25.0
2260	3	-0.10628571428571429	0.007054664338843204	2260	25.0
2260	4	0.20746666666666666	0.007364584169465036	2260	25.0
2270	3	-0.10028571428571428	0.007065268531328275	2270	25.0
2270	4	0.1952	0.007232262006700698	2270	25.0
2280	3	-0.10047619047619048	0.00706128699339291	2280	25.0
2280	4	0.19395555555555555	0.007315610129124275	2280	25.0
2290	3	-0.10342857142857143	0.007024477668281515	2290	25.0
2290	4	0.19715555555555556	0.007308001935475704	2290	25.0
2300	3	-0.102	0.00704481253917729	2300	25.0
2300	4	0.1928888888888889	0.007204944865726485	2300	25.0
2310	3	-0.09857142857142857	0.0070509968080834295	2310	25.0
2310	4	0.18737777777777778	0.0073416055754686295	2310	25.0
2320	3	-0.10133333333333333	0.0070709736327438785	2320	25.0
2320	4	0.19466666666666665	0.007374184806112872	2320	25.0
2330	3	-0.09847619047619048	0.007063912811228195	2330	25.0
2330	4	0.1905777777777778	0.007278039163578951	2330	25.0
2340	3	-0.10514285714285715	0.007045187305595291	2340	25.0
2340	4	0.19982222222222223	0.007398319683608382	2340	25.0
2350	3	-0.10561904761904761	0.007040984334698698	2350	25.0
2350	4	0.20071111111111112	0.007321011752116826	2350	25.0
2360	3	-0.1041904761904762	0.007043285830585729	2360	25.0
2360	4	0.19822222222222222	0.0073270375162198444	2360	25.0
2370	3	-0.10095238095238095	0.007075080369308341	2370	25.0
2370	4	0.19484444444444443	0.007140757435339063	2370	25.0
2380	3	-0.10323809523809524	0.007049102690736725	2380	25.0
2380	4	0.19893333333333332	0.007225400748589426	2380	25.0
2390	3	-0.09971428571428571	0.007051517983234913	2390	25.0
2390	4	0.192	0.007178491726922417	2390	25.0
2400	3	-0.10114285714285715	0.00705312160485557	2400	25.0
2400	4	0.19733333333333333	0.00720959840650217	2400	25.0
2410	3	-0.0978095238095238	0.007042491823586214	2410	25.0
2410	4	0.1888	0.007128623156181247	2410	25.0
2420	3	-0.1041904761904762	0.007018773943917821	2420	25.0
2420	4	0.20071111111111112	0.0072603165313129036	2420	25.0
2430	3	-0.10066666666666667	0.007045725800071641	2430	25.0
2430	4	0.19804444444444444	0.007346850416551057	2430	25.0
2440	3	-0.10533333333333333	0.007008908210440071	2440	25.0
2440	4	0.20284444444444444	0.007324418828314673	2440	25.0
2450	3	-0.10342857142857143	0.007012846314525555	2450	25.0
2450	4	0.19928888888888888	0.00738463285552969	2450	25.0
2460	3	-0.0999047619047619	0.007010104754404382	2460	25.0
2460	4	0.19502222222222224	0.007343281003521362	2460	25.0
2470	3	-0.102	0.007012549277969629	2470	25.0
2470	4	0.1984	0.007345997571953059	2470	25.0
2480	3	-0.10038095238095238	0.007018833022618928	2480	25.0
2480	4	0.19235555555555556	0.0071688328107588515	2480	25.0
2490	3	-0.0958095238095238	0.007027040129235513	2490	25.0
2490	4	0.18684444444444445	0.007227842297131587	2490	25.0
2500	3	-0.09676190476190476	0.007038027581993425	2500	25.0
2500	4	0.18755555555555556	0.007204301417356356	2500	25.0
